Date,Open,High,Low,Close,Adj Close,Volume
2018-10-12,236.74147,239.424393,234.078049,236.702438,221.316788,1241378
2018-10-15,236.536591,236.926834,232.497559,232.497559,217.385239,1153125
2018-10-16,234.048782,238.614639,232.897568,238.341461,222.849258,1726408
2018-10-17,237.980484,239.609756,236.731705,239.004883,223.469559,829533
2018-10-18,239.170731,239.170731,232.351227,233.951218,218.744324,847675
2018-10-19,233.326828,235.0439,231.492676,232.282928,217.184509,1277150
2018-10-22,233.0439,233.639023,229.385361,229.600006,214.675964,975493
2018-10-23,226.517075,227.16098,221.58049,225.726822,211.054581,1854430
2018-10-24,225.970734,228.253662,221.16098,221.814636,207.396652,1399023
2018-10-25,223.297562,227.414627,221.141464,225.804871,211.127502,1267618
2018-10-26,223.219513,226.351227,220.731705,223.414627,208.89267,1321430
2018-10-29,226.234146,227.25853,219.843903,222.926834,208.436615,815490
2018-10-30,223.629272,225.736588,221.424393,224.975616,210.352173,1233793
2018-10-31,227.229263,228.380493,224.595123,224.878052,210.260971,1610993
2018-11-01,224.468292,228.595123,224.156097,228.448776,213.599579,1110178
2018-11-02,229.843903,232.039017,226.370728,229.834152,214.894928,1242198
2018-11-05,229.970734,232.546341,228.887802,231.531708,216.482117,1882823
2018-11-06,220.546341,235.170731,219.512192,234.819519,219.556213,2750998
2018-11-07,236.897568,237.121948,230.243896,231.082932,216.062531,2898188
2018-11-08,231.024384,238.575607,230.526825,238.517075,223.013412,1581985
2018-11-09,236.321945,238.165848,234.146347,237.326828,221.900558,1030945
2018-11-12,237.170731,237.170731,230.351227,230.458542,215.478699,1034533
2018-11-13,230.712189,233.326828,227.609756,228.780487,213.909714,957658
2018-11-14,230.243896,231.453659,227.863419,229.502441,214.584778,914095
2018-11-15,228.20488,234.341461,226.751221,234.185364,218.963287,1059338
2018-11-16,232.936584,242.078049,232.478043,240.068298,224.463852,1275920
2018-11-19,239.921951,241.619507,236.282928,237.463409,222.028275,951098
2018-11-20,236.0,236.926834,232.234146,233.521957,218.343033,1796210
2018-11-21,235.248779,238.439026,234.673172,236.136581,220.787689,1023258
2018-11-23,234.926834,237.687805,234.331711,236.117065,220.76947,366335
2018-11-26,237.37561,238.370728,236.087799,236.195129,220.842422,1156405
2018-11-27,235.443909,237.892685,233.600006,237.570724,222.128647,925678
2018-11-28,237.853653,243.570724,237.804871,243.551224,227.720383,1092650
2018-11-29,242.604874,245.278046,242.087799,244.0,228.139969,986665
2018-11-30,244.273178,247.141464,243.239029,246.585373,230.557297,1379240
2018-12-03,247.746338,249.79512,245.336578,246.399994,230.383987,1432950
2018-12-04,246.595123,247.112198,238.585373,238.946335,223.41481,1489018
2018-12-06,236.62439,237.356094,229.092682,235.346344,220.048843,1979993
2018-12-07,235.092682,236.029266,227.892685,228.721954,214.539795,1209603
2018-12-10,228.399994,231.512192,224.390244,230.663422,216.36087,903538
2018-12-11,233.0439,235.687805,229.268295,230.887802,216.571335,1093983
2018-12-12,233.707321,235.853653,229.648773,229.814636,215.564713,1034943
2018-12-13,230.878052,232.575607,228.995117,231.112198,216.78183,1148000
2018-12-14,228.604874,228.897568,224.897568,225.804871,211.803589,1156508
2018-12-17,224.390244,224.673172,218.936584,220.341461,206.678986,1203658
2018-12-18,222.292679,222.439026,215.726822,217.717072,204.217316,1315690
2018-12-19,218.809753,223.102432,215.25853,216.819519,203.375412,1698733
2018-12-20,215.541458,217.668289,210.487808,212.175613,199.01947,1992190
2018-12-21,211.453659,214.682922,208.712189,209.034149,196.072769,2888758
2018-12-24,208.253662,208.556091,204.682922,204.731705,192.037079,930495
2018-12-26,205.287811,212.575607,203.531708,212.546341,199.367172,1004705
2018-12-27,210.175613,216.829269,208.819519,216.800003,203.357132,1218930
2018-12-28,218.41951,218.897568,215.629272,216.575607,203.146637,835888
2018-12-31,218.273178,220.399994,217.385361,219.824387,206.193924,682138
2019-01-02,216.556091,217.570724,212.897568,214.712189,201.398758,1206220
2019-01-03,212.770737,213.414627,205.58049,206.048782,193.272491,1937250
2019-01-04,208.097565,213.25853,208.097565,211.697556,198.571014,2024170
2019-01-07,211.531708,217.307312,211.063416,213.307312,200.080994,1702013
2019-01-08,214.848785,217.570724,214.487808,217.268295,203.796326,1160300
2019-01-09,218.790237,223.424393,218.360977,221.902435,208.143127,1215548
2019-01-10,220.809753,224.087799,219.843903,223.853653,209.973373,862128
2019-01-11,222.809753,223.931702,221.053665,223.287811,209.442612,960835
2019-01-14,221.853653,223.59024,220.829269,220.858536,207.163986,970265
2019-01-15,221.473175,225.502441,221.473175,225.151215,211.190491,866843
2019-01-16,225.951218,227.287811,224.536591,225.629272,211.638901,795400
2019-01-17,229.356094,231.326828,226.341461,230.351227,216.0681,1692685
2019-01-18,231.521957,236.341461,230.536591,236.175613,221.531296,1385185
2019-01-22,234.848785,235.814636,231.756104,233.356094,218.886642,1087115
2019-01-23,233.219513,235.0439,230.273178,233.307312,218.840836,741485
2019-01-24,232.819519,235.141464,231.79512,234.848785,220.286743,839270
2019-01-25,236.097565,238.809753,235.0439,237.131714,222.428101,1263518
2019-01-28,235.239029,236.292679,233.853653,235.941467,221.311691,759218
2019-01-29,235.980484,238.809753,235.834152,236.536591,221.869873,1018953
2019-01-30,237.024384,240.390244,235.921951,239.492676,224.64267,880168
2019-01-31,238.790237,243.775604,237.443909,243.37561,228.284866,1593978
2019-02-01,243.190247,244.00975,239.512192,241.385361,226.417999,1027255
2019-02-04,240.965851,241.951218,238.21463,241.131714,226.180054,1006550
2019-02-05,241.951218,247.804871,235.502441,236.497559,221.833267,2178125
2019-02-06,236.331711,239.453659,235.980484,237.141464,222.437241,1282173
2019-02-07,235.36586,237.287811,234.097565,235.668289,221.055435,984923
2019-02-08,234.800003,236.351227,231.951218,236.302444,221.650269,1006448
2019-02-11,237.0439,238.83902,235.853653,236.858536,222.17186,785560
2019-02-12,237.765854,240.507324,236.458542,240.253662,225.356491,1122888
2019-02-13,241.219513,241.687805,238.760971,239.073166,224.249176,896465
2019-02-14,238.341461,239.951218,237.073166,238.546341,223.75502,888778
2019-02-15,240.887802,242.331711,239.024384,242.282928,227.259933,1514540
2019-02-19,241.609756,242.536591,240.965851,241.99025,226.985382,748558
2019-02-20,241.639023,243.112198,240.897568,242.985367,227.918793,882833
2019-02-21,242.975616,242.975616,240.380493,241.648773,226.665115,714425
2019-02-22,242.126831,243.756104,241.824387,243.570724,228.467865,688390
2019-02-25,244.468292,245.853653,243.892685,244.175613,229.035278,1069793
2019-02-26,244.117065,244.478043,242.019516,243.034149,227.964569,806470
2019-02-27,241.902435,244.21463,241.746338,244.185364,229.044418,722215
2019-02-28,244.107315,245.687805,242.556091,242.721954,227.671707,1245273
2019-03-01,244.41951,248.263412,243.804871,248.165848,232.778076,1003065
2019-03-04,249.209763,249.385361,243.765854,246.692688,231.396255,842960
2019-03-05,246.682922,246.702438,244.029266,246.078049,230.819717,588453
2019-03-06,246.351227,246.526825,241.395126,242.517075,227.479553,866433
2019-03-07,241.892685,242.224396,239.482925,240.653656,226.43306,737180
2019-03-08,239.629272,240.985367,237.639023,240.702438,226.478973,825023
2019-03-11,241.853653,243.873169,241.687805,243.843903,229.43483,655488
2019-03-12,244.682922,246.195129,243.960983,244.468292,230.022278,845933
2019-03-13,245.648773,248.721954,245.16098,247.443909,232.822098,821538
2019-03-14,247.551224,247.551224,245.190247,246.107315,231.564453,897080
2019-03-15,246.643906,250.887802,246.399994,247.726822,233.088257,2065580
2019-03-18,243.170731,243.170731,236.136581,238.702438,224.597122,2002235
2019-03-19,238.721954,241.609756,236.702438,241.531708,227.259247,1394410
2019-03-20,241.59024,241.59024,236.282928,237.219513,223.201889,1380060
2019-03-21,237.024384,239.687805,236.682922,239.434143,225.285614,1140210
2019-03-22,238.468292,238.770737,234.185364,234.263412,220.420456,1121555
2019-03-25,234.858536,235.629272,232.399994,235.36586,221.457733,1172498
2019-03-26,237.404877,241.980484,237.404877,240.975616,226.735992,1415423
2019-03-27,241.190247,241.853653,238.20488,239.609756,225.450882,1102798
2019-03-28,240.117065,241.356094,238.702438,240.975616,226.735992,1014750
2019-03-29,242.20488,243.892685,241.16098,243.639023,229.242035,1520690
2019-04-01,244.760971,246.585373,244.087799,245.25853,230.765823,1150050
2019-04-02,245.278046,245.873169,244.302444,244.62439,230.169189,1006448
2019-04-03,245.395126,245.414627,242.302444,243.307312,228.929916,1408453
2019-04-04,243.78537,245.736588,242.360977,245.453659,230.949432,1184593
2019-04-05,246.360977,247.463409,244.819519,245.151215,230.664856,1511875
2019-04-08,245.434143,245.687805,243.034149,244.868286,230.398666,1276228
2019-04-09,243.248779,244.360977,241.609756,243.678055,229.278763,1374628
2019-04-10,243.843903,247.639023,243.307312,246.078049,231.536911,855978
2019-04-11,247.034149,247.16098,245.112198,245.59024,231.077927,983385
2019-04-12,246.448776,247.414627,240.360977,240.692688,226.469818,1371860
2019-04-15,240.770737,241.648773,239.209763,240.195129,226.001663,1129858
2019-04-16,241.463409,242.995117,233.79512,234.165848,220.328629,1598283
2019-04-17,234.83902,234.83902,216.107315,220.360977,207.339554,4812580
2019-04-18,220.487808,225.248779,218.175613,222.331711,209.193771,2606268
2019-04-22,221.58049,223.931702,219.131714,219.551224,206.577606,1526840
2019-04-23,219.570724,225.600006,218.809753,222.478043,209.331497,2621233
2019-04-24,222.312195,227.59024,220.575607,226.829269,213.425598,1813020
2019-04-25,226.117065,232.546341,225.073166,231.639023,217.951126,1862323
2019-04-26,232.692688,233.170731,230.302444,232.312195,218.584518,827073
2019-04-29,231.521957,233.112198,229.951218,230.936584,217.290222,1130780
2019-04-30,231.639023,235.073166,228.20488,234.868286,220.989594,1853098
2019-05-01,234.429276,234.858536,229.36586,229.902435,216.317139,960938
2019-05-02,229.882935,231.892685,228.595123,230.897568,217.253464,978465
2019-05-03,232.097565,232.292679,230.156097,232.087799,218.373383,948535
2019-05-06,228.40976,233.073166,226.965851,232.702438,218.951691,1438793
2019-05-07,231.024384,231.726822,225.36586,226.878052,213.471512,1525098
2019-05-08,227.36586,228.302444,225.063416,226.663422,213.269562,1599205
2019-05-09,219.473175,225.863419,217.073166,224.195129,210.947067,2989823
2019-05-10,222.702438,224.185364,218.117065,219.902435,206.908066,2549380
2019-05-13,217.560974,222.780487,217.073166,218.234146,205.338333,1649533
2019-05-14,218.360977,221.551224,217.346344,217.404877,204.55809,1444430
2019-05-15,216.653656,221.648773,216.068298,219.912201,206.917267,1475078
2019-05-16,220.0,222.468292,219.0439,220.41951,207.394623,1570095
2019-05-17,218.468292,224.185364,218.439026,222.790237,209.625244,2552353
2019-05-20,222.078049,225.121948,221.697556,223.765854,210.543167,1607200
2019-05-21,224.917068,229.502441,224.917068,228.263412,214.774994,1767408
2019-05-22,227.600006,230.653656,226.760971,229.931702,216.344696,1310155
2019-05-23,229.307312,229.307312,226.263412,228.292679,214.802536,1159583
2019-05-24,229.16098,232.517075,228.40976,229.453659,215.894928,1332603
2019-05-28,230.731705,233.619507,228.439026,228.448776,214.949417,2316295
2019-05-29,227.863419,231.112198,226.819519,228.292679,214.802536,1163375
2019-05-30,228.448776,231.814636,228.175613,231.414627,217.73999,739743
2019-05-31,229.843903,229.99025,227.531708,227.746338,214.288422,1064975
2019-06-03,228.263412,230.292679,225.609756,226.985367,213.572464,1155688
2019-06-04,229.004883,230.721954,227.37561,229.482925,215.922424,1030228
2019-06-05,231.551224,235.278046,229.600006,233.521957,219.722778,1507673
2019-06-06,231.912201,232.21463,227.404877,230.858536,217.91777,1714928
2019-06-07,232.370728,233.697556,231.36586,232.565857,219.529419,1301750
2019-06-10,233.492676,235.570724,232.536591,234.351227,221.214676,1312718
2019-06-11,235.443909,235.941467,230.41951,231.239029,218.276962,978055
2019-06-12,230.507324,233.404877,230.273178,231.190247,218.230911,1031253
2019-06-13,232.019516,232.019516,228.926834,231.25853,218.295349,1263313
2019-06-14,231.629272,231.629272,228.321945,228.448776,215.643112,1008805
2019-06-17,228.702438,229.853653,227.424393,228.478043,215.670715,972110
2019-06-18,229.482925,231.736588,229.482925,230.790237,217.853348,897080
2019-06-19,230.595123,233.25853,230.302444,232.429276,219.400467,1567328
2019-06-20,234.146347,239.356094,233.521957,239.141464,225.736435,1605048
2019-06-21,239.463409,242.341461,238.292679,241.268295,227.744003,2471890
2019-06-24,241.37561,243.980484,240.585373,243.882935,230.212097,1134163
2019-06-25,243.902435,246.253662,241.912201,242.165848,228.591293,1392463
2019-06-26,242.234146,242.74147,238.165848,242.058533,228.489975,1247425
2019-06-27,243.180481,245.199997,242.302444,243.073166,229.447708,919733
2019-06-28,244.273178,245.960983,243.36586,245.863419,232.081573,1591005
2019-07-01,246.985367,248.731705,245.170731,248.341461,234.420685,1062413
2019-07-02,248.585373,248.780487,245.36586,247.668289,233.785248,857618
2019-07-03,247.970734,249.014633,246.478043,249.014633,235.056137,623098
2019-07-05,247.209763,248.800003,245.180481,248.0,234.098358,589375
2019-07-08,247.004883,247.804871,244.614639,244.848785,231.12381,1092548
2019-07-09,243.873169,245.980484,243.502441,245.58049,231.814499,945563
2019-07-10,246.146347,248.517075,246.146347,247.287811,233.426102,729493
2019-07-11,248.380493,250.019516,246.760971,249.921951,235.912598,1051650
2019-07-12,249.804871,250.029266,245.121948,246.712189,232.882721,661330
2019-07-15,247.190247,248.097565,245.648773,247.063416,233.214279,691158
2019-07-16,247.804871,247.873169,244.62439,245.248779,231.501373,607928
2019-07-17,246.429276,246.497559,244.21463,245.707321,231.934235,723343
2019-07-18,244.868286,247.843903,244.780487,247.639023,233.757614,554013
2019-07-19,247.921951,247.960983,244.595123,244.721954,231.004105,777975
2019-07-22,245.346344,246.643906,245.014633,246.351227,232.542023,1060670
2019-07-23,246.858536,249.609756,246.126831,249.551224,235.562683,769980
2019-07-24,249.385361,250.360977,246.682922,250.0,235.986282,760345
2019-07-25,248.858536,251.063416,247.648773,247.951218,234.052353,893083
2019-07-26,249.131714,250.20488,247.326828,248.185364,234.273361,679473
2019-07-29,248.663422,249.453659,246.712189,248.575607,234.641739,777975
2019-07-30,247.307312,251.765854,247.199997,251.736588,237.625534,615923
2019-07-31,251.141464,251.756104,245.560974,246.63414,232.809113,1724153
2019-08-01,246.731705,251.443909,245.502441,246.195129,232.394699,1025205
2019-08-02,246.224396,246.507324,241.024384,242.62439,229.024094,1196175
2019-08-05,239.024384,239.463409,230.243896,230.575607,217.650696,2229170
2019-08-06,233.78537,239.024384,223.414627,236.234146,222.992065,2691035
2019-08-07,234.575607,239.453659,231.414627,238.721954,225.340378,1561178
2019-08-08,240.517075,245.892685,239.521957,245.434143,231.676331,1338958
2019-08-09,246.40976,248.907318,245.756104,248.146347,234.236526,1182030
2019-08-12,246.614639,248.546341,242.40976,243.082932,229.45694,555858
2019-08-13,243.190247,248.351227,242.653656,247.16098,233.306381,951303
2019-08-14,244.341461,245.473175,238.565857,238.74147,225.358841,1054725
2019-08-15,238.682922,241.697556,238.507324,240.341461,226.869141,999375
2019-08-16,242.078049,242.868286,241.0439,242.273178,228.692566,804113
2019-08-19,244.926834,246.526825,243.346344,245.346344,231.593491,689723
2019-08-20,245.600006,248.165848,243.073166,243.199997,229.567429,924653
2019-08-21,244.653656,247.317078,244.595123,247.190247,233.334045,1033200
2019-08-22,247.804871,250.819519,247.775604,248.9561,235.000854,1183055
2019-08-23,248.439026,249.570724,241.209763,242.253662,228.674149,1133650
2019-08-26,244.234146,245.073166,241.512192,242.74147,229.134613,739640
2019-08-27,244.887802,247.180481,242.136581,244.21463,230.525223,928240
2019-08-28,242.946335,247.746338,242.83902,246.83902,233.002472,583840
2019-08-29,248.975616,249.326828,247.531708,248.819519,234.871994,534743
2019-08-30,250.458542,250.458542,246.653656,247.726822,233.840515,819898
2019-09-03,245.034149,246.546341,239.912201,241.980484,228.416306,882730
2019-09-04,243.980484,248.868286,243.190247,248.497559,234.568069,1051855
2019-09-05,251.317078,252.63414,249.970734,252.175613,238.039932,1052880
2019-09-06,252.604874,258.282928,251.141464,256.078064,242.445908,1385083
2019-09-09,256.995117,257.082916,250.682922,251.512192,238.123093,889290
2019-09-10,250.809753,254.156097,247.0439,254.156097,240.626221,1756133
2019-09-11,253.707321,255.092682,249.063416,254.63414,241.078827,1212883
2019-09-12,257.180481,257.404877,252.673172,255.756104,242.141083,1124528
2019-09-13,256.40976,256.458527,253.492676,254.341461,240.801743,691568
2019-09-16,252.9561,253.521957,251.658539,252.41951,238.982071,874325
2019-09-17,253.473175,253.59024,251.287811,251.853653,238.44635,856695
2019-09-18,251.707321,252.985367,248.965851,251.239029,237.864441,754195
2019-09-19,251.25853,252.751221,249.814636,250.126831,236.811478,865305
2019-09-20,249.36586,250.370728,247.102432,247.36586,234.197433,1960313
2019-09-23,247.209763,249.307312,246.907318,247.248779,234.086624,940848
2019-09-24,248.429276,249.863419,243.414627,244.897568,231.860596,1278688
2019-09-25,244.780487,248.448776,244.390244,247.756104,234.56694,885703
2019-09-26,248.614639,248.614639,242.156097,244.429276,231.417206,1087833
2019-09-27,246.136581,246.156097,241.443909,241.980484,229.09877,929880
2019-09-30,242.975616,248.20488,242.692688,246.790237,233.652527,1707138
2019-10-01,248.019516,250.087799,244.0,244.526825,231.509537,892775
2019-10-02,243.170731,244.107315,239.102432,241.824387,228.950974,1087423
2019-10-03,241.531708,245.121948,239.102432,244.790237,231.758972,835170
2019-10-04,245.736588,247.121948,244.253662,246.936584,233.791046,626480
2019-10-07,245.658539,246.829269,243.395126,243.492676,230.530457,910713
2019-10-08,241.756104,242.175613,238.136581,238.517075,225.819748,915018
2019-10-09,240.360977,242.565857,239.36586,241.765854,228.895599,606595
2019-10-10,240.565857,243.521957,239.717072,242.478043,229.569855,595525
2019-10-11,245.912201,248.760971,245.248779,246.692688,233.56012,869918
2019-10-14,246.692688,246.692688,244.351227,244.604874,231.583435,629760
2019-10-15,246.253662,248.331711,244.897568,247.102432,233.948059,924858
2019-10-16,246.282928,247.824387,244.800003,246.770737,233.634018,1039145
2019-10-17,247.804871,251.775604,247.492676,250.536591,237.199402,988100
2019-10-18,250.399994,252.800003,249.502441,252.282928,238.852768,863973
2019-10-21,250.83902,252.829269,247.78537,247.902435,234.705475,972930
2019-10-22,248.185364,250.253662,243.78537,244.175613,231.177017,717398
2019-10-23,246.126831,246.848785,244.439026,245.463409,232.396271,985640
2019-10-24,246.721954,246.721954,238.790237,239.902435,227.131363,1415833
2019-10-25,239.902435,242.019516,238.263412,238.341461,225.653473,1758798
2019-10-28,239.756104,243.073166,238.62439,240.078049,227.297623,1954983
2019-10-29,240.897568,250.995117,240.048782,248.078049,234.87175,1664293
2019-10-30,247.892685,249.921951,247.756104,249.707321,236.414291,739538
2019-10-31,249.346344,250.760971,247.814636,249.756104,236.46048,1670340
2019-11-01,251.414627,253.756104,250.653656,251.853653,238.44635,1419625
2019-11-04,254.302444,255.307312,251.317078,254.341461,240.801743,1304313
2019-11-05,248.74147,252.458542,240.292679,240.663422,227.851822,2959995
2019-11-06,240.663422,244.692688,240.468292,244.673172,231.648117,1830343
2019-11-07,245.063416,245.921951,237.99025,238.604874,225.902878,1495475
2019-11-08,238.048782,241.053665,238.048782,238.819519,226.106079,1533195
2019-11-11,237.453659,238.478043,235.853653,236.526825,223.935471,1112125
2019-11-12,235.863419,239.024384,235.395126,236.448776,223.861572,1061593
2019-11-13,236.156097,241.004883,234.74147,240.985367,228.156631,1351258
2019-11-14,241.190247,244.107315,241.190247,242.731705,229.810013,1029100
2019-11-15,244.00975,244.351227,241.307312,242.243896,229.34816,1186028
2019-11-18,242.62439,243.434143,236.868286,237.570724,224.923752,1838235
2019-11-19,238.653656,241.16098,237.717072,239.78537,227.020538,1106385
2019-11-20,240.682922,241.697556,239.395126,240.760971,227.944183,1309233
2019-11-21,241.082932,243.843903,240.458542,242.887802,229.957794,1034533
2019-11-22,243.0439,244.156097,241.063416,243.79512,230.816818,999170
2019-11-25,244.20488,248.019516,242.800003,247.668289,234.483795,1267310
2019-11-26,247.873169,249.902435,247.707321,248.995117,235.740005,1525098
2019-11-27,248.995117,255.25853,248.780487,254.048782,240.524612,1482560
2019-11-29,252.643906,253.980484,251.141464,252.195129,238.769653,597780
2019-12-02,251.79512,253.25853,249.463409,252.712189,239.259186,1455295
2019-12-03,249.912201,251.726822,247.395126,249.492676,236.211044,1700988
2019-12-04,250.126831,251.707321,248.556091,250.9561,237.596588,1124015
2019-12-05,251.658539,253.843903,249.853653,252.595123,239.148331,855465
2019-12-06,253.658539,255.531708,253.082932,254.331711,240.792496,1072150
2019-12-09,252.819519,253.424393,251.0439,251.609756,238.939514,933160
2019-12-10,252.068298,252.282928,249.443909,250.965851,238.328049,998863
2019-12-11,251.648773,254.936584,250.21463,254.692688,241.867188,1103515
2019-12-12,254.546341,260.068298,254.448776,258.965851,245.925171,1435923
2019-12-13,258.663422,262.83902,257.726837,262.165863,248.964096,1731020
2019-12-16,263.209747,263.492676,261.736572,263.297546,250.038712,1477538
2019-12-17,264.234131,266.282928,261.658539,262.468292,249.251266,1437153
2019-12-18,262.204865,262.73172,259.57074,260.663422,247.537308,1199968
2019-12-19,260.458527,262.526825,259.726837,261.336578,248.176514,1181313
2019-12-20,264.156097,268.760986,263.365845,265.034149,251.687958,2458258
2019-12-23,265.648773,267.482941,264.487793,266.819519,253.383377,852698
2019-12-24,266.887817,267.180481,264.682922,266.351227,252.938644,215763
2019-12-26,266.370728,267.102448,263.795135,264.448792,251.132065,514755
2019-12-27,264.956085,266.263428,264.351227,266.195129,252.790451,560265
2019-12-30,266.029266,267.034149,263.414642,263.921936,250.631729,454998
2019-12-31,263.473175,265.37561,262.185364,265.336578,251.975052,849725
2020-01-02,265.453644,266.780487,263.287811,265.89267,252.503204,1725895
2020-01-03,261.912201,264.419525,261.863403,263.014648,249.770142,1601973
2020-01-06,262.399994,267.024384,260.146332,266.712189,253.281479,1603408
2020-01-07,264.956085,266.848785,263.541473,266.078064,252.679291,1366223
2020-01-08,266.253662,268.819519,264.936584,266.73172,253.299988,1443713
2020-01-09,268.087799,268.497559,266.282928,266.868286,253.429703,960015
2020-01-10,268.419525,269.551208,266.917084,267.765869,254.282074,997223
2020-01-13,267.765869,269.736572,266.73172,269.463409,255.89415,1308515
2020-01-14,268.40976,270.682922,266.604889,269.229279,255.671753,1477538
2020-01-15,269.190247,272.799988,269.063416,270.536591,256.91333,1156918
2020-01-16,271.882935,272.185364,267.687805,270.117065,256.514771,927010
2020-01-17,270.94635,271.639038,268.585358,270.32196,256.709473,1200173
2020-01-21,270.087799,271.278046,268.595123,270.760986,257.126343,1322968
2020-01-22,271.434143,272.682922,270.887817,272.029266,258.330811,1075943
2020-01-23,271.912201,273.453644,269.931702,271.931702,258.238129,1162863
2020-01-24,272.760986,273.717072,270.799988,271.463409,257.793427,1268028
2020-01-27,267.707306,273.629272,266.439026,272.926819,259.183105,1628520
2020-01-28,273.424377,276.770721,273.004883,275.37561,261.508606,1224670
2020-01-29,276.146332,277.024384,274.526825,275.317078,261.453003,950790
2020-01-30,273.170746,275.131714,272.73172,274.292694,260.480255,1406403
2020-01-31,272.721954,274.126831,267.795135,268.468292,254.949158,1779810
2020-02-03,270.468292,274.878052,270.10733,272.497559,258.775452,1826653
2020-02-04,276.370728,279.424377,275.600006,277.512207,263.537628,1300315
2020-02-05,279.346344,279.726837,276.634155,279.014648,264.964417,1436948
2020-02-06,246.829269,256.292694,235.853653,246.097565,233.704941,10305248
2020-02-07,245.463409,245.58049,240.468292,240.887802,228.757477,3805415
2020-02-10,241.190247,246.692688,240.526825,245.853653,233.473282,2668690
2020-02-11,247.473175,252.926834,246.907318,250.156097,237.559052,2670125
2020-02-12,250.497559,251.102432,243.970734,246.078049,233.686401,2442985
2020-02-13,245.912201,250.185364,244.74147,248.146347,235.650528,1944528
2020-02-14,248.809753,253.99025,247.443909,253.873169,241.088959,2378513
2020-02-18,254.390244,255.404877,249.434143,249.756104,237.17923,1888153
2020-02-19,250.926834,252.107315,249.385361,249.824387,237.244064,1578705
2020-02-20,249.082932,251.463409,245.882935,247.278046,234.825958,1160300
2020-02-21,246.399994,252.478043,246.224396,251.073166,238.429977,1914393
2020-02-24,244.507324,246.692688,243.229263,244.41951,232.111374,1678745
2020-02-25,245.180481,246.048782,237.219513,239.443909,227.386307,2279088
2020-02-26,241.317078,243.726822,239.131714,240.146347,228.053391,2107400
2020-02-27,238.653656,244.302444,236.497559,236.770737,224.847733,2703540
2020-02-28,231.229263,233.063416,225.970734,232.019516,220.335785,3678008
2020-03-02,232.039017,239.336578,228.341461,239.336578,227.284378,2290055
2020-03-03,239.843903,243.278046,229.609756,233.658539,221.892273,1997315
2020-03-04,238.341461,241.834152,237.268295,241.082932,228.94278,2003773
2020-03-05,235.746338,238.848785,233.921951,238.185364,226.191147,2331568
2020-03-06,231.609756,234.039017,224.965851,233.287811,221.540207,4329600
2020-03-09,220.048782,228.936584,217.560974,225.151215,214.522034,2654545
2020-03-10,230.995117,233.287811,224.321945,231.521957,220.592056,2693290
2020-03-11,225.531708,228.682922,223.570724,226.253662,215.572479,2032780
2020-03-12,217.853653,229.151215,215.16098,215.190247,205.031387,3824788
2020-03-13,222.429276,233.190247,210.819519,230.731705,219.839127,3545680
2020-03-16,210.731705,228.819519,203.560974,217.697556,207.420303,2981315
2020-03-17,224.917068,242.868286,217.892685,242.458542,231.012329,3969723
2020-03-18,233.268295,245.824387,222.439026,228.995117,218.184509,3780098
2020-03-19,230.731705,231.863419,215.180481,215.570724,205.39389,2707845
2020-03-20,212.497559,219.239029,210.946335,214.751221,204.613037,3792090
2020-03-23,213.912201,217.941467,192.926834,195.687805,186.449615,4576010
2020-03-24,204.302444,206.604874,194.63414,197.902435,188.559708,3577865
2020-03-25,200.526825,204.165848,194.292679,198.63414,189.256821,3576533
2020-03-26,199.804871,214.195129,199.385361,214.0,203.897324,2729575
2020-03-27,207.385361,216.107315,206.282928,211.297562,201.322449,2307788
2020-03-30,214.682922,218.253662,212.029266,217.434143,207.169327,1974048
2020-03-31,216.643906,225.414627,213.658539,224.165848,213.583252,2763605
2020-04-01,216.302444,224.165848,214.63414,219.902435,209.521088,2053280
2020-04-02,219.570724,227.912201,218.946335,227.59024,216.845963,1596438
2020-04-03,225.37561,227.180481,217.356094,221.199997,210.757385,1295293
2020-04-06,225.453659,233.346344,223.834152,231.892685,220.945297,2310658
2020-04-07,234.146347,237.073166,229.326828,231.756104,220.815125,2410698
2020-04-08,233.317078,245.570724,229.58049,243.902435,232.388077,2566908
2020-04-09,243.902435,244.468292,237.59024,241.414627,230.0177,2449545
2020-04-13,239.531708,242.770737,235.707321,242.00975,230.584763,1341725
2020-04-14,245.843903,245.843903,241.521957,243.443909,231.951202,2204263
2020-04-15,241.512192,247.58049,239.600006,246.370728,234.739838,1878005
2020-04-16,248.546341,256.21463,246.399994,255.229263,243.180176,1690635
2020-04-17,259.209747,259.551208,249.551224,255.024384,242.98497,2081570
2020-04-20,255.512192,260.263428,253.219513,257.014648,244.881287,1404558
2020-04-21,253.531708,254.9561,248.253662,250.243896,238.430145,2516990
2020-04-22,252.556091,261.365845,251.697556,260.253662,247.967377,2058200
2020-04-23,261.648773,264.087799,257.863403,258.614624,246.405716,1251628
2020-04-24,260.156097,262.117065,256.097565,261.629272,249.278091,1882208
2020-04-27,262.790253,264.829254,261.024384,263.414642,250.97908,1527660
2020-04-28,263.990234,265.317078,254.780487,255.531708,243.468353,2217588
2020-04-29,256.585358,256.585358,250.858536,251.560974,239.685074,1769868
2020-04-30,250.029266,257.336578,245.492676,246.370728,234.739838,2929963
2020-05-01,244.682922,247.697556,241.746338,245.726822,234.126328,1458780
2020-05-04,246.234146,250.136581,243.151215,249.0439,237.286804,1154765
2020-05-05,251.970734,257.170746,249.951218,255.317078,243.263855,964218
2020-05-06,254.429276,256.097565,252.136581,252.809753,240.874847,1071535
2020-05-07,259.531708,259.531708,249.278046,250.0,238.197769,1297650
2020-05-08,252.897568,253.424393,247.814636,248.273178,236.552475,1452835
2020-05-11,247.346344,257.326843,246.965851,255.658539,243.589188,1527558
2020-05-12,256.575623,260.234131,255.443909,255.697556,243.626373,1253063
2020-05-13,256.273163,257.902435,252.039017,255.531708,243.468353,1239123
2020-05-14,253.112198,253.629272,248.819519,252.390244,240.475204,1311898
2020-05-15,251.356094,256.078064,249.726822,251.951218,240.056885,2037700
2020-05-18,257.560974,261.873169,255.960983,258.312195,246.117538,1051138
2020-05-19,258.614624,258.965851,255.951218,256.780487,244.658142,849315
2020-05-20,249.502441,252.156097,236.643906,237.063416,225.871918,4080833
2020-05-21,237.307312,237.658539,228.790237,233.112198,222.107239,8541530
2020-05-22,235.629272,238.692688,232.74147,233.414627,222.395401,12077883
2020-05-26,235.112198,237.073166,226.185364,227.453659,216.71582,3675445
2020-05-27,225.492676,229.170731,221.863419,229.073166,218.258865,3826428
2020-05-28,233.570724,238.321945,231.560974,235.609756,224.486893,1833110
2020-05-29,237.912201,241.034149,233.756104,240.907318,229.534363,1973433
2020-06-01,240.614639,243.317078,236.868286,238.878052,227.600876,1193100
2020-06-02,239.082932,239.082932,235.58049,238.536591,227.275543,1299700
2020-06-03,237.278046,237.951218,233.765854,237.112198,225.918411,1830343
2020-06-04,236.097565,239.36586,234.146347,237.609756,226.392487,1870318
2020-06-05,237.834152,238.439026,234.965851,236.107315,224.960983,3567923
2020-06-08,234.585373,241.209763,233.648773,241.209763,230.575165,3643158
2020-06-09,241.317078,244.21463,231.404877,231.492676,221.286499,2419308
2020-06-10,232.62439,235.170731,230.829269,231.356094,221.155945,2434683
2020-06-11,230.175613,230.800003,223.814636,224.575607,214.674408,2437553
2020-06-12,228.829269,230.878052,223.414627,225.248779,215.317902,2061788
2020-06-15,223.16098,230.341461,221.521957,228.439026,218.367508,2054613
2020-06-16,232.00975,234.63414,229.443909,230.692688,220.52179,1520075
2020-06-17,231.404877,234.263412,229.980484,231.482925,221.277176,1343570
2020-06-18,230.614639,232.536591,229.268295,230.468292,220.307266,1157328
2020-06-19,232.731705,233.531708,229.404877,231.79512,221.575653,2463690
2020-06-22,231.151215,231.151215,226.399994,229.453659,219.337418,1482048
2020-06-23,231.034149,234.146347,230.653656,232.029266,221.799423,1519665
2020-06-24,230.312195,231.209763,222.234146,227.131714,217.117813,2256743
2020-06-25,226.146347,226.146347,219.804871,223.356094,213.508652,2542205
2020-06-26,224.048782,229.082932,223.395126,227.873169,217.826569,2633943
2020-06-29,228.331711,228.819519,223.151215,227.287811,217.267044,2139995
2020-06-30,226.917068,234.946335,225.424393,233.434143,223.142395,2370723
2020-07-01,233.209763,237.0439,232.936584,235.639023,225.250046,1475590
2020-07-02,236.273178,240.078049,234.653656,239.053665,228.51413,1931613
2020-07-06,242.360977,247.531708,241.551224,244.360977,233.587509,3277438
2020-07-07,242.321945,246.117065,241.521957,245.248779,234.436111,1872060
2020-07-08,245.79512,250.663422,245.102432,246.565857,235.695114,2405470
2020-07-09,249.034149,253.99025,247.765854,252.302444,241.178833,1813635
2020-07-10,251.726822,253.453659,248.556091,251.092682,240.022385,909278
2020-07-13,251.0439,255.834152,249.619507,251.131714,240.059662,1375755
2020-07-14,250.770737,257.365845,250.517075,256.975616,245.645935,1295088
2020-07-15,258.536591,261.609741,257.668304,260.448792,248.966003,1390925
2020-07-16,260.390259,261.834137,258.40976,258.585358,247.184708,1319073
2020-07-17,260.224396,262.526825,257.697571,260.468292,248.984634,1311180
2020-07-20,261.443909,261.980499,258.575623,261.317078,249.79599,1028588
2020-07-21,263.151215,269.67804,262.439026,264.692688,253.022751,1482355
2020-07-22,265.082916,268.058533,264.302429,266.770721,255.009186,1138570
2020-07-23,267.414642,269.424377,265.082916,266.058533,254.3284,862435
2020-07-24,265.89267,266.32196,262.439026,265.258545,253.56366,634065
2020-07-27,263.668304,268.956085,262.497559,268.468292,256.631897,956530
2020-07-28,267.853668,268.653656,265.551208,266.341461,254.598892,832915
2020-07-29,267.043915,271.131714,267.043915,269.658539,257.769714,864383
2020-07-30,266.673157,268.42926,263.443909,267.16098,255.382263,940848
2020-07-31,267.385376,274.487793,266.585358,274.478058,262.37674,1528788
2020-08-03,276.068298,277.619507,273.170746,276.760986,264.559052,1245580
2020-08-04,276.126831,276.975616,274.634155,275.960968,263.79425,849725
2020-08-05,273.463409,278.019501,273.463409,276.517059,264.325775,1098390
2020-08-06,259.512207,261.414642,250.117065,253.278046,242.111374,2655878
2020-08-07,253.853653,255.434143,248.780487,250.156097,239.127075,2283700
2020-08-10,253.170731,253.170731,248.829269,250.487808,239.444183,2564140
2020-08-11,252.965851,254.20488,248.731705,248.780487,237.812134,1666548
2020-08-12,249.648773,253.219513,249.648773,250.946335,239.882477,1255010
2020-08-13,250.653656,256.448792,250.224396,255.931702,244.648071,1075738
2020-08-14,255.16098,255.902435,250.399994,251.873169,240.768433,1154458
2020-08-17,252.575607,254.292679,251.707321,253.697556,242.512421,1011778
2020-08-18,255.141464,258.439026,252.83902,257.424377,246.074921,1825730
2020-08-19,258.536591,259.697571,254.195129,255.609756,244.340317,1040068
2020-08-20,253.921951,255.59024,251.804871,252.614639,241.477219,787405
2020-08-21,251.814636,253.034149,249.229263,251.434143,240.348816,1195253
2020-08-24,252.546341,253.248779,248.185364,248.731705,237.765503,926498
2020-08-25,249.863419,251.053665,247.970734,249.551224,238.548874,1123195
2020-08-26,248.468292,248.878052,243.951218,247.78537,236.860886,1187565
2020-08-27,232.702438,242.20488,226.341461,240.556091,229.950317,3947173
2020-08-28,241.102432,241.346344,235.024384,236.878052,226.434464,1962363
2020-08-31,237.902435,238.517075,235.931702,236.848785,226.406494,2382613
2020-09-01,238.019516,239.873169,232.907318,234.965851,224.606552,1447813
2020-09-02,234.712189,240.263412,234.175613,240.185364,229.595947,1333833
2020-09-03,240.0,240.663422,228.370728,229.326828,219.21611,1814353
2020-09-04,231.092682,232.351227,226.760971,228.370728,218.3022,1584343
2020-09-08,229.024384,229.79512,224.887802,228.351227,219.02272,1540165
2020-09-09,230.399994,233.219513,228.868286,229.824387,220.43573,1437870
2020-09-10,229.268295,229.970734,225.658539,228.468292,219.13504,2127388
2020-09-11,229.102432,230.965851,228.058533,230.029266,220.632248,1200890
2020-09-14,231.131714,232.663422,230.107315,230.146347,220.744553,1154868
2020-09-15,230.243896,230.682922,220.536591,220.63414,211.620926,2542513
2020-09-16,220.604874,224.263412,218.74147,221.492676,212.444366,2494645
2020-09-17,220.829269,223.59024,218.936584,222.243896,213.164917,1969128
2020-09-18,220.643906,228.234146,220.643906,226.243896,217.001526,4119270
2020-09-21,225.746338,225.746338,219.863419,222.868286,213.763779,1250193
2020-09-22,222.029266,222.526825,217.317078,218.341461,209.421921,1927410
2020-09-23,220.40976,224.117065,219.034149,220.087799,211.096893,1733993
2020-09-24,220.487808,220.946335,214.673172,215.765854,206.951508,1558308
2020-09-25,214.682922,219.092682,214.146347,218.614639,209.683929,1530018
2020-09-28,220.887802,222.351227,219.229263,219.512192,210.544785,1072765
2020-09-29,220.585373,221.443909,219.443909,219.931702,210.947189,866843
2020-09-30,221.765854,229.824387,221.268295,227.004883,217.73143,2368775
2020-10-01,228.692688,231.0439,223.073166,225.219513,216.018982,1244555
2020-10-02,226.243896,229.268295,225.36586,226.985367,217.712677,1033303
2020-10-05,228.458542,232.692688,228.41951,232.331711,222.840637,1000400
2020-10-06,232.195129,234.458542,229.297562,229.707321,220.323456,1018953
2020-10-07,230.507324,231.931702,228.341461,229.951218,220.557358,1063028
2020-10-08,230.019516,231.59024,228.721954,230.448776,221.034622,1035558
2020-10-09,231.726822,232.321945,228.702438,231.521957,222.063965,1612018
2020-10-12,232.273178,234.63414,230.936584,232.546341,223.046509,886523
2020-10-13,231.639023,233.892685,229.658539,230.936584,221.502518,908253
2020-10-14,231.004883,233.034149,227.424393,227.99025,218.676529,944640
2020-10-15,226.507324,230.712189,225.853653,229.278046,219.911697,1172600
2020-10-16,230.058533,233.336578,228.917068,231.209763,221.764511,1081478
2020-10-19,231.726822,234.878052,230.712189,231.59024,222.129456,1149640
2020-10-20,232.117065,232.673172,230.243896,230.497559,221.081406,851263
2020-10-21,232.40976,233.170731,227.356094,230.63414,221.212433,1203863
2020-10-22,229.873169,235.531708,229.736588,235.209763,225.601105,1123503
2020-10-23,234.965851,236.702438,233.395126,234.41951,224.843109,1010035
2020-10-26,233.453659,236.9561,232.751221,236.097565,226.452652,999478
2020-10-27,237.034149,239.873169,236.497559,238.282928,228.548706,1022950
2020-10-28,234.243896,235.473175,229.619507,230.136581,220.735184,1086295
2020-10-29,230.087799,230.975616,225.239029,226.800003,217.534912,1103310
2020-10-30,226.692688,228.253662,222.263412,225.492676,216.280975,1448428
2020-11-02,227.912201,231.36586,226.380493,229.063416,219.705841,1062720
2020-11-03,230.712189,233.843903,229.209763,231.921951,222.447586,1159583
2020-11-04,234.702438,239.229263,230.887802,231.014633,221.577347,1519563
2020-11-05,234.146347,238.507324,226.770737,228.926834,219.574814,2226095
2020-11-06,229.453659,235.736588,228.995117,230.848785,221.418289,1367043
2020-11-09,240.800003,241.78537,234.039017,234.448776,224.871231,1977328
2020-11-10,235.16098,237.453659,233.775604,234.439026,224.861877,2220253
2020-11-11,237.668289,237.970734,234.936584,237.229263,227.538101,1597463
2020-11-12,236.975616,237.746338,233.297562,234.351227,224.777649,1338548
2020-11-13,235.58049,238.263412,234.20488,236.887802,227.210602,1920030
2020-11-16,240.399994,240.487808,235.863419,236.653656,226.986038,1614580
2020-11-17,235.853653,239.239029,234.604874,236.497559,226.836288,1157123
2020-11-18,236.273178,236.351227,227.619507,227.775604,218.470642,1906705
2020-11-19,228.536591,229.746338,226.224396,227.219513,217.937271,1475488
2020-11-20,226.946335,229.004883,225.424393,226.21463,216.973419,1287298
2020-11-23,226.126831,227.717072,222.136581,222.907318,213.801239,1533810
2020-11-24,223.414627,224.156097,221.336578,223.697556,214.559189,2372260
2020-11-25,224.858536,225.356094,221.239029,221.921951,212.856094,1668803
2020-11-27,222.731705,223.902435,220.63414,223.37561,214.250397,870328
2020-11-30,224.468292,229.16098,224.360977,229.112198,219.752625,4278965
2020-12-01,230.360977,232.907318,229.834152,232.829269,223.317856,1723640
2020-12-02,232.829269,240.487808,232.614639,235.970734,226.330994,2291183
2020-12-03,235.37561,235.443909,231.697556,232.692688,223.186859,2406598
2020-12-04,232.673172,236.878052,232.575607,236.83902,227.163834,2419923
2020-12-07,236.517075,237.639023,230.107315,230.682922,221.259201,1330758
2020-12-08,229.37561,234.497559,228.887802,234.380493,224.80574,1224670
2020-12-09,234.185364,234.907318,231.804871,234.107315,225.322174,1348695
2020-12-10,234.565857,237.37561,234.175613,236.41951,227.547577,1384980
2020-12-11,235.36586,237.014633,234.195129,236.770737,227.885605,1305850
2020-12-14,237.521957,240.721954,234.029266,234.146347,225.359726,1267515
2020-12-15,234.575607,239.600006,233.99025,238.175613,229.237762,1293243
2020-12-16,238.975616,241.0439,236.341461,239.307312,230.326996,1240968
2020-12-17,240.439026,243.541458,240.00975,242.63414,233.529022,1201813
2020-12-18,242.390244,247.053665,240.975616,245.941467,236.712219,2819468
2020-12-21,243.278046,244.292679,239.287811,241.814636,232.740234,962065
2020-12-22,241.37561,242.41951,239.248779,239.902435,230.899796,964628
2020-12-23,241.053665,241.199997,238.224396,238.292679,229.350449,942488
2020-12-24,238.926834,243.170731,238.926834,241.941467,232.86232,451000
2020-12-28,242.731705,243.775604,241.25853,242.097565,233.012558,660613
2020-12-29,243.326828,244.63414,241.248779,242.292679,233.200363,837425
2020-12-30,242.546341,243.25853,240.575607,240.663422,231.632233,683983
2020-12-31,241.199997,244.663422,240.74147,244.117065,234.956253,715040
2021-01-04,244.878052,245.570724,240.731705,244.585373,235.407013,1148000
2021-01-05,245.121948,246.536591,241.385361,244.907318,235.716858,1210423
2021-01-06,244.185364,248.40976,243.902435,247.453659,238.167633,1509928
2021-01-07,248.253662,249.629272,245.082932,247.317078,238.036224,1257983
2021-01-08,248.351227,250.40976,247.443909,248.83902,239.501022,1493630
2021-01-11,249.395126,251.512192,248.780487,250.83902,241.42601,891853
2021-01-12,255.356094,260.848785,253.268295,256.663422,247.031815,2225275
2021-01-13,256.039032,259.697571,255.609756,256.595123,246.96608,1119095
2021-01-14,256.204865,256.575623,251.141464,251.482925,242.045731,1403738
2021-01-15,251.570724,255.678055,251.297562,255.356094,245.773544,1498448
2021-01-19,257.541473,258.760986,252.975616,254.40976,244.862717,1252038
2021-01-20,253.814636,257.151215,252.682922,256.878052,247.238403,1218828
2021-01-21,255.892685,257.560974,253.824387,255.512192,245.923798,1305953
2021-01-22,255.199997,255.960983,252.380493,252.439026,242.965973,1629443
2021-01-25,252.195129,254.868286,251.063416,253.892685,244.365051,864690
2021-01-26,253.658539,253.882935,249.239029,252.048782,242.590317,1218315
2021-01-27,250.0,251.385361,244.390244,244.770737,235.585419,1356178
2021-01-28,246.507324,252.673172,245.687805,249.960983,240.580887,1623600
2021-01-29,250.195129,258.136597,248.702438,255.404877,245.820496,2074395
2021-02-01,256.048767,258.556091,254.487808,254.995117,245.426117,1143080
2021-02-02,256.039032,257.619507,251.804871,251.941467,242.487091,1594388
2021-02-03,252.185364,257.200012,250.800003,254.565857,245.01297,1694018
2021-02-04,253.570724,255.531708,246.331711,248.673172,239.341415,2595198
2021-02-05,249.063416,251.892685,245.99025,248.468292,239.144241,1558308
2021-02-08,248.809753,252.068298,248.809753,250.556091,241.153671,1375038
2021-02-09,250.175613,250.965851,246.868286,247.970734,238.665314,1269770
2021-02-10,249.980484,250.536591,245.931702,246.731705,237.472809,965345
2021-02-11,248.058533,248.058533,244.604874,247.209763,237.932922,1261570
2021-02-12,247.570724,250.751221,246.224396,250.068298,240.684189,1165118
2021-02-16,250.185364,251.521957,248.848785,251.063416,241.641968,1052470
2021-02-17,250.448776,251.034149,248.078049,250.556091,241.153671,1123913
2021-02-18,250.448776,251.687805,247.804871,249.58049,240.214691,1452733
2021-02-19,249.668289,249.814636,241.736588,241.882935,232.806,2115908
2021-02-22,242.078049,242.20488,235.951218,240.019516,231.012497,1363660
2021-02-23,240.848785,242.790237,237.326828,241.658539,232.589996,1754595
2021-02-24,241.36586,242.087799,238.712189,240.692688,231.660416,1605560
2021-02-25,240.721954,244.097565,239.414627,241.121948,232.073578,1254498
2021-02-26,240.107315,241.463409,235.131714,235.268295,226.43956,1579423
2021-03-01,236.790237,240.136581,235.951218,240.058533,231.050034,1349310
2021-03-02,241.092682,241.092682,237.434143,238.760971,229.801193,850545
2021-03-03,238.039017,238.565857,235.346344,235.765854,226.918442,1407633
2021-03-04,235.921951,237.931702,232.643906,235.004883,226.18605,1429363
2021-03-05,235.941467,241.570724,235.073166,240.439026,231.416229,1133240
2021-03-08,239.814636,243.551224,238.068298,240.097565,231.087601,1001528
2021-03-09,241.073166,242.039017,236.790237,236.926834,228.807556,1249168
2021-03-10,239.190247,239.190247,231.0439,232.087799,224.134354,2164083
2021-03-11,232.195129,233.882935,230.273178,232.390244,224.426422,2541693
2021-03-12,233.531708,234.263412,230.546341,232.429276,224.464111,1231230
2021-03-15,232.575607,235.121948,232.117065,234.887802,226.838379,1126475
2021-03-16,235.356094,235.629272,232.83902,233.707321,225.698334,948945
2021-03-17,233.414627,235.092682,232.809753,233.521957,225.519348,1191973
2021-03-18,232.800003,235.112198,232.224396,233.36586,225.368622,883653
2021-03-19,234.087799,235.443909,232.068298,233.190247,225.199005,2628203
2021-03-22,232.682922,235.79512,232.195129,235.726822,227.648666,1031458
2021-03-23,236.058533,236.087799,233.619507,234.399994,226.367294,930495
2021-03-24,233.492676,236.40976,232.946335,235.873169,227.789978,989330
2021-03-25,237.707321,237.707321,232.74147,235.834152,227.752319,1232665
2021-03-26,236.282928,239.356094,233.434143,239.141464,230.946289,1151383
2021-03-29,239.678055,242.351227,237.600006,241.112198,232.849487,918195
2021-03-30,240.126831,242.312195,238.165848,239.209763,231.012222,923320
2021-03-31,239.190247,239.79512,236.429276,237.219513,229.090195,1205708
2021-04-01,237.609756,238.614639,234.702438,235.687805,227.610977,982053
2021-04-05,236.468292,241.092682,236.468292,239.112198,230.91803,1254293
2021-04-06,239.16098,241.190247,237.443909,238.653656,230.475204,934800
2021-04-07,238.721954,239.131714,236.439026,238.068298,229.909897,791813
2021-04-08,238.068298,238.517075,236.517075,236.946335,228.82637,1378728
2021-04-09,237.151215,241.941467,237.151215,241.882935,233.593826,1256753
2021-04-12,241.326828,241.678055,239.882935,241.37561,233.103882,1038530
2021-04-13,240.74147,245.326828,240.487808,244.585373,236.203629,999170
2021-04-14,244.556091,244.878052,242.478043,243.726822,235.374512,1131600
2021-04-15,244.702438,252.63414,244.653656,251.560974,242.940201,2120520
2021-04-16,252.673172,255.619507,251.668289,254.575607,245.851501,1951908
2021-04-19,253.941467,254.468292,251.004883,252.643906,243.986008,1477743
2021-04-20,252.40976,254.243896,249.931702,250.185364,241.611694,1533195
2021-04-21,251.268295,253.356094,250.897568,251.843903,243.21344,1413168
2021-04-22,250.760971,252.175613,249.843903,250.858536,242.26181,1000913
2021-04-23,251.268295,251.268295,245.980484,249.609756,241.055817,1570300
2021-04-26,249.746338,252.058533,249.609756,251.170731,242.563309,1093880
2021-04-27,250.868286,253.112198,247.102432,251.912201,243.279358,1080043
2021-04-28,252.224396,253.560974,250.458542,251.229263,242.619843,854850
2021-04-29,251.863419,251.970734,244.9561,245.287811,236.882004,1208988
2021-04-30,244.234146,245.570724,241.317078,242.74147,234.422943,1766383
2021-05-03,243.619507,247.570724,243.004883,246.946335,238.483704,1003373
2021-05-04,246.546341,246.614639,243.239029,245.385361,236.976212,1021618
2021-05-05,245.531708,245.853653,240.039017,243.678055,235.327393,1759208
2021-05-06,236.087799,238.917068,232.390244,234.936584,226.885498,2884145
2021-05-07,233.551224,238.975616,233.112198,233.551224,225.547623,2612008
2021-05-10,233.58049,242.780487,233.287811,240.614639,232.368958,1907013
2021-05-11,241.287811,242.565857,234.712189,235.317078,227.25293,1621653
2021-05-12,234.185364,237.619507,234.185364,235.746338,227.667511,1677823
2021-05-13,236.439026,239.931702,235.765854,238.126831,229.966446,1837518
2021-05-14,238.712189,240.487808,236.243896,236.468292,228.364731,1378420
2021-05-17,236.936584,239.307312,235.16098,235.209763,227.149323,1003783
2021-05-18,234.029266,237.36586,233.36586,236.273178,228.176285,1726305
2021-05-19,235.902435,236.965851,234.62439,236.721954,228.60968,1085988
2021-05-20,235.746338,239.297562,235.560974,238.819519,230.635361,1141030
2021-05-21,239.834152,243.0439,238.146347,238.517075,230.343292,1047038
2021-05-24,239.053665,240.117065,236.390244,237.775604,229.627228,1319483
2021-05-25,237.502441,238.487808,235.121948,236.575607,228.468369,1626880
2021-05-26,234.439026,237.317078,233.521957,236.117065,228.025543,1657733
2021-05-27,236.097565,237.0439,234.40976,235.063416,227.00798,3317208
2021-05-28,237.053665,238.341461,235.726822,235.99025,227.903046,1572555
2021-06-01,235.248779,235.658539,232.487808,232.653656,224.680801,1963695
2021-06-02,232.614639,233.668289,232.341461,232.858536,224.878693,1615195
2021-06-03,232.595123,235.356094,232.312195,234.848785,226.80072,1437870
2021-06-04,236.097565,236.497559,234.234146,234.790237,226.744171,906100
2021-06-07,235.317078,236.21463,233.463409,233.717072,225.707748,1216983
2021-06-08,234.058533,235.78537,231.551224,233.414627,226.199387,1538935
2021-06-09,233.717072,237.658539,233.717072,237.414627,230.07576,1270180
2021-06-10,236.995117,239.541458,236.9561,239.424393,232.023392,1143285
2021-06-11,240.712189,240.721954,236.156097,236.721954,229.404495,1159583
2021-06-14,236.858536,237.560974,233.775604,236.800003,229.480133,1282480
2021-06-15,236.848785,237.482925,234.995117,235.551224,228.269958,2041698
2021-06-16,236.663422,236.721954,233.600006,234.41951,227.173248,2042210
2021-06-17,233.951218,235.717072,233.951218,234.390244,227.144867,1709598
2021-06-18,233.502441,236.692688,232.965851,234.673172,227.419052,2625640
2021-06-21,234.848785,235.736588,233.658539,234.9561,227.693222,1602588
2021-06-22,235.239029,235.239029,233.112198,234.458542,227.21106,1465750
2021-06-23,233.941467,235.59024,233.024384,234.360977,227.116531,1434180
2021-06-24,234.195129,235.560974,233.863419,233.970734,226.738327,791813
2021-06-25,234.00975,235.912201,233.960983,235.317078,228.04306,1754083
2021-06-28,235.882935,238.41951,235.726822,237.756104,230.406693,1227950
2021-06-29,238.312195,241.619507,238.029266,240.868286,233.422668,1799695
2021-06-30,241.014633,241.346344,235.531708,237.25853,229.924469,1335985
2021-07-01,237.082932,241.014633,236.770737,240.751221,233.309219,1243838
2021-07-02,241.551224,242.868286,240.468292,242.390244,234.897568,1013930
2021-07-06,241.951218,243.414627,240.458542,243.268295,235.748474,1078813
2021-07-07,243.902435,245.902435,241.736588,245.834152,238.235031,1248143
2021-07-08,244.195129,245.560974,242.985367,244.878052,237.308472,917785
2021-07-09,245.512192,245.892685,241.746338,243.707321,236.173935,1353308
2021-07-12,244.263412,244.985367,243.063416,243.492676,235.965927,914198
2021-07-13,242.653656,243.951218,241.921951,242.556091,235.058304,537510
2021-07-14,242.312195,242.985367,239.073166,240.0,232.581223,1421880
2021-07-15,238.380493,241.112198,237.073166,240.604874,233.167389,983078
2021-07-16,241.229263,243.219513,240.048782,242.019516,234.538315,1205810
2021-07-19,241.356094,243.063416,239.707321,241.219513,233.763046,1252960
2021-07-20,242.526825,244.078049,240.468292,240.975616,233.526688,971290
2021-07-21,241.37561,241.697556,238.048782,240.341461,232.91214,1107308
2021-07-22,241.190247,243.600006,239.687805,243.268295,235.748474,1378933
2021-07-23,243.902435,245.443909,243.502441,244.9561,237.384125,1239123
2021-07-26,243.951218,245.229263,242.585373,243.346344,235.824127,711863
2021-07-27,243.658539,250.20488,243.600006,248.478043,240.797195,937363
2021-07-28,247.648773,248.780487,246.429276,247.297562,239.653198,673835
2021-07-29,248.575607,249.843903,247.170731,249.082932,241.383392,948433
2021-07-30,248.995117,250.556091,247.658539,249.512192,241.799377,1021003
2021-08-02,250.107315,251.639023,248.439026,249.882935,242.158661,771415
2021-08-03,250.575607,251.492676,248.770737,249.531708,241.818283,622483
2021-08-04,248.692688,250.234146,247.395126,248.526825,240.844467,1063848
2021-08-05,234.41951,239.063416,234.136581,237.151215,229.820511,2559118
2021-08-06,236.390244,236.858536,234.00975,235.16098,227.8918,1435410
2021-08-09,235.25853,236.390244,231.746338,232.721954,225.528152,1526328
2021-08-10,232.614639,234.156097,231.78537,232.809753,225.613266,1757158
2021-08-11,233.034149,236.390244,232.965851,234.790237,227.532501,1193408
2021-08-12,235.668289,241.346344,235.239029,240.097565,232.675766,3927698
2021-08-13,240.097565,241.356094,239.024384,240.770737,233.328125,1175163
2021-08-16,241.921951,243.746338,240.682922,243.521957,235.994308,1282993
2021-08-17,243.609756,247.941467,242.887802,247.297562,239.653198,2447290
2021-08-18,247.482925,248.234146,242.20488,242.253662,234.765213,1558923
2021-08-19,242.809753,244.097565,241.112198,241.834152,234.358673,1320405
2021-08-20,241.463409,243.756104,240.175613,243.219513,235.701218,1214010
2021-08-23,243.902435,244.829269,242.995117,243.756104,236.221222,1318458
2021-08-24,243.560974,243.697556,241.629272,241.824387,234.349228,916043
2021-08-25,240.751221,241.873169,238.604874,240.975616,233.526688,1147590
2021-08-26,240.439026,242.370728,240.126831,241.492676,234.027756,1163375
2021-08-27,242.136581,243.921951,241.414627,242.439026,234.94487,1158148
2021-08-30,242.878052,245.882935,242.21463,244.360977,236.807358,1022130
2021-08-31,244.263412,246.058533,243.287811,245.560974,237.970306,1478153
2021-09-01,245.834152,246.917068,243.317078,246.312195,238.698288,1199250
2021-09-02,247.395126,249.16098,246.468292,248.907318,241.213211,1236150
2021-09-03,249.268295,252.478043,248.292679,251.541458,243.765945,1416345
2021-09-07,251.541458,252.526825,248.692688,251.541458,243.765945,1641025
2021-09-08,251.453659,257.560974,251.112198,256.468292,249.34314,1910805
2021-09-09,255.102432,256.848785,253.531708,253.804871,246.753708,1495065
2021-09-10,254.282928,254.975616,250.653656,252.029266,245.027435,1238200
2021-09-13,253.141464,254.195129,251.941467,252.292679,245.283524,1261468
2021-09-14,252.380493,254.897568,252.175613,254.097565,247.038269,1330860
2021-09-15,254.819519,257.307312,253.404877,255.297562,248.204956,1976918
2021-09-16,256.751221,257.05365,253.775604,256.263428,249.143951,1194228
2021-09-17,255.609756,256.517059,254.058533,255.560974,248.461029,2959893
2021-09-20,253.073166,255.521957,251.395126,252.946335,245.919022,1428440
2021-09-21,253.658539,255.824387,252.673172,252.682922,245.662933,1145950
2021-09-22,253.346344,254.019516,249.804871,250.536591,243.576233,1633645
2021-09-23,251.102432,252.058533,247.278046,247.629272,240.749695,1637130
2021-09-24,247.0439,248.399994,246.282928,247.004883,240.142639,951508
2021-09-27,246.019516,246.41951,243.473175,245.297562,238.482758,1131498
2021-09-28,244.575607,244.936584,241.697556,243.639023,236.87027,1430080
2021-09-29,243.824387,246.273178,243.824387,245.648773,238.824219,864178
2021-09-30,245.717072,246.614639,239.79512,239.824387,233.161621,2096330
2021-10-01,240.41951,240.41951,235.0439,238.712189,232.080322,1740348
2021-10-04,237.668289,241.25853,234.253662,234.682922,228.162994,2299178
2021-10-05,234.682922,239.151215,234.682922,237.131714,230.543777,1576553
2021-10-06,236.126831,239.356094,235.570724,239.268295,232.620987,1272025
2021-10-07,240.156097,242.156097,235.229263,235.853653,229.301224,1349105
2021-10-08,236.078049,236.673172,232.692688,232.760971,226.294434,1601563
2021-10-11,232.585373,232.770737,229.921951,230.078049,223.68605,905690
2021-10-12,230.078049,232.770737,229.395126,232.575607,226.114227,1619910
2021-10-13,232.731705,235.775604,232.029266,233.99025,227.489563,1201198
2021-10-14,234.887802,237.463409,234.887802,236.760971,230.183304,1033508
2021-10-15,236.985367,238.029266,234.331711,235.278046,228.741562,1313128
2021-10-18,234.965851,235.053665,232.370728,232.63414,226.171127,893390
2021-10-19,233.658539,237.034149,233.326828,236.809753,230.230759,857413
2021-10-20,238.507324,242.019516,237.37561,240.878052,234.186005,1044885
2021-10-21,241.902435,242.41951,239.424393,240.458542,233.778168,634578
2021-10-22,240.585373,241.326828,239.658539,241.063416,234.366211,1067948
2021-10-25,241.092682,241.326828,239.209763,240.399994,233.721252,830045
2021-10-26,240.780487,241.268295,239.863419,240.341461,233.664322,1278483
2021-10-27,241.37561,241.560974,238.975616,239.024384,232.383865,1208373
2021-10-28,239.024384,240.917068,232.292679,232.83902,226.370316,1506955
2021-10-29,232.360977,234.468292,231.268295,233.746338,227.252441,1882105
2021-11-01,234.078049,237.619507,233.453659,237.121948,230.534271,987485
2021-11-02,237.112198,237.560974,235.336578,236.975616,230.391983,1808715
2021-11-03,236.643906,241.317078,236.390244,241.004883,234.309311,1661935
2021-11-04,243.902435,246.136581,236.478043,238.126831,231.511246,2127695
2021-11-05,235.034149,239.356094,233.570724,237.765854,231.160294,2040263
2021-11-08,236.565857,239.619507,235.453659,239.287811,232.639969,1047448
2021-11-09,238.321945,239.434143,236.887802,237.717072,231.112869,1576245
2021-11-10,238.048782,240.663422,235.492676,239.882935,233.218536,1088448
2021-11-11,239.639023,240.712189,236.00975,239.024384,232.383865,1313025
2021-11-12,239.209763,239.79512,236.848785,238.048782,231.435349,1549390
2021-11-15,238.731705,239.024384,236.926834,237.736588,231.131851,1393693
2021-11-16,238.263412,239.892685,237.248779,238.156097,231.539673,1352078
2021-11-17,239.073166,244.00975,238.048782,243.765854,236.993607,1941453
2021-11-18,244.526825,245.414627,241.268295,243.278046,236.519348,1651378
2021-11-19,244.848785,246.253662,242.507324,242.546341,235.807953,1337010
2021-11-22,241.336578,241.551224,238.253662,239.307312,232.65892,1299495
2021-11-23,238.790237,241.112198,238.048782,240.565857,233.882492,1287093
2021-11-24,240.263412,241.317078,238.468292,238.497559,231.871674,934390
2021-11-26,239.053665,242.712189,238.360977,239.112198,232.469238,1257778
2021-11-29,239.170731,240.858536,237.317078,237.668289,231.06543,1302365
2021-11-30,238.9561,238.9561,230.243896,231.356094,224.928589,4358813
2021-12-01,231.863419,237.59024,230.848785,235.775604,229.225327,2424125
2021-12-02,235.882935,240.019516,235.073166,236.039017,229.481415,1801848
2021-12-03,237.775604,238.292679,234.692688,238.165848,231.549149,1307695
2021-12-06,239.326828,243.199997,238.819519,240.136581,233.465149,1482355
2021-12-07,241.180481,246.517075,241.0439,244.253662,237.467834,1787088
2021-12-08,236.682922,241.834152,234.234146,240.439026,233.759201,1482560
2021-12-09,240.107315,241.131714,238.692688,239.131714,233.311844,1214728
2021-12-10,239.687805,240.819519,237.931702,238.995117,233.178558,975390
2021-12-13,239.502441,247.804871,239.209763,246.643906,240.641205,1564765
2021-12-14,245.912201,246.165848,241.648773,241.892685,236.0056,1226925
2021-12-15,243.346344,244.604874,240.878052,243.336578,237.414337,1390105
2021-12-16,242.887802,251.180481,241.58049,250.936584,244.829391,1833418
2021-12-17,250.712189,253.073166,248.985367,250.63414,244.534317,2600118
2021-12-20,250.029266,250.029266,245.775604,246.253662,240.260452,1709803
2021-12-21,247.668289,249.219513,244.019516,245.687805,239.708359,1153740
2021-12-22,245.931702,246.126831,240.0,241.79512,235.910385,1239328
2021-12-23,241.951218,243.502441,240.117065,242.83902,236.928909,989023
2021-12-27,243.902435,245.287811,242.263412,245.190247,239.2229,622073
2021-12-28,244.985367,245.229263,242.673172,244.107315,238.166321,575845
2021-12-29,244.682922,247.326828,243.531708,246.62439,240.622147,858438
2021-12-30,247.512192,248.829269,246.370728,247.082932,241.069519,515985
2021-12-31,247.082932,248.575607,245.199997,245.346344,239.375214,681113
2022-01-03,244.126831,247.385361,240.897568,247.034149,241.021942,1022335
2022-01-04,246.360977,246.995117,243.141464,245.639023,239.660767,931725
2022-01-05,245.609756,249.151215,245.36586,246.780487,240.77446,948125
2022-01-06,245.541458,246.975616,243.560974,243.639023,237.709412,787098
2022-01-07,244.165848,249.678055,243.521957,247.951218,241.916687,1418703
2022-01-10,247.0439,253.541458,246.321945,252.848785,246.695053,1720668
2022-01-11,252.975616,255.931702,250.809753,255.356094,249.141342,1531555
2022-01-12,254.63414,258.048767,253.199997,255.521957,249.303162,1455295
2022-01-13,254.74147,257.414642,252.965851,257.258545,250.997482,1518845
2022-01-14,256.809753,257.26828,254.399994,256.21463,249.978989,1539858
2022-01-18,255.287811,255.970734,251.746338,254.068298,247.884888,1529403
2022-01-19,254.604874,258.497559,253.687805,257.434143,251.168808,1711340
2022-01-20,258.331696,262.0,257.414642,257.531708,251.263992,1647790
2022-01-21,259.67804,260.146332,256.458527,258.175598,251.892242,1737170
2022-01-24,256.312195,257.404877,247.912201,253.619507,247.447037,1803693
2022-01-25,252.41951,253.600006,247.190247,251.804871,245.676559,1511670
2022-01-26,250.9561,253.512192,246.887802,247.697556,241.669189,2019455
2022-01-27,248.165848,252.731705,244.585373,245.063416,239.099152,1855763
2022-01-28,246.370728,249.59024,242.946335,249.492676,243.420639,1515053
2022-01-31,248.282928,249.121948,245.853653,247.941467,241.907166,1676183
2022-02-01,248.156097,249.287811,244.809753,247.053665,241.040985,1157943
2022-02-02,246.926834,250.614639,245.902435,250.40976,244.315399,1508288
2022-02-03,255.317078,265.717072,253.131714,263.980499,257.555847,3136500
2022-02-04,260.487793,264.760986,259.092682,262.292694,255.909134,1720770
2022-02-07,263.014648,265.57074,260.897552,262.702454,256.308868,1632313
2022-02-08,262.390259,270.165863,262.087799,269.746338,263.181366,1655785
2022-02-09,269.902435,273.775604,268.653656,270.478058,263.895264,1906090
2022-02-10,268.907318,268.907318,263.843903,265.307312,258.850342,1400868
2022-02-11,264.370728,268.253662,262.175598,263.395111,256.984741,1132215
2022-02-14,262.536591,263.931702,260.156097,262.341461,255.956696,1157020
2022-02-15,265.239014,266.175598,263.034149,264.536591,258.098419,988100
2022-02-16,263.482941,265.317078,260.634155,264.517059,258.079315,1102490
2022-02-17,261.873169,262.136597,258.380493,259.658539,253.339066,1329630
2022-02-18,260.117065,261.600006,256.370728,257.600006,251.330658,1347875
2022-02-22,258.487793,259.834137,256.64389,257.717072,251.44487,1475283
2022-02-23,258.273163,263.190247,257.639038,262.10733,255.728241,1590595
2022-02-24,259.082916,261.424377,257.258545,259.795135,253.472366,1621345
2022-02-25,261.141449,266.575623,260.039032,266.068298,259.592865,1357715
2022-02-28,261.990234,265.024384,261.687805,264.663422,258.222107,1180185
2022-03-01,264.390259,266.780487,262.780487,264.770721,258.326874,994763
2022-03-02,263.990234,267.707306,263.258545,265.873169,259.402435,957145
2022-03-03,266.585358,268.165863,264.614624,266.185364,259.707092,1054418
2022-03-04,264.770721,268.94635,262.595123,268.702454,262.162872,1367453
2022-03-07,266.985352,269.746338,263.180481,269.317078,262.762573,1829420
2022-03-08,267.443909,269.112183,258.292694,258.663422,252.368195,1724153
2022-03-09,259.639038,261.756104,257.043915,258.380493,252.922073,1262390
2022-03-10,256.009766,256.42926,250.312195,251.434143,246.122482,2040263
2022-03-11,251.658539,252.673172,247.970734,248.302444,243.056931,1337010
2022-03-14,249.668289,255.902435,248.399994,250.536591,245.243881,1363455
2022-03-15,251.717072,252.848785,249.239029,252.380493,247.048843,1189513
2022-03-16,253.512192,254.9561,251.004883,254.429276,249.054337,1207348
2022-03-17,254.370728,257.317078,251.307312,255.892685,250.486816,1223440
2022-03-18,255.034149,256.42926,251.453659,255.648773,250.248062,2807578
2022-03-21,255.004883,261.560974,254.653656,261.073181,255.557907,1240148
2022-03-22,262.292694,262.292694,256.995117,258.40976,252.950745,1237585
2022-03-23,259.239014,259.951233,254.546341,255.58049,250.181213,1188898
2022-03-24,256.175598,257.434143,255.551224,256.673157,251.250824,669223
2022-03-25,258.156097,259.317078,256.341461,259.190247,253.714722,740870
2022-03-28,259.453644,261.619507,257.112183,261.600006,256.073608,704995
2022-03-29,263.365845,265.190247,261.746338,263.190247,257.630188,1432028
2022-03-30,262.419525,265.541473,261.326843,263.014648,257.458344,922808
2022-03-31,262.751221,263.658539,259.014648,259.512207,254.029861,1199865
2022-04-01,260.549988,263.700012,258.140015,262.5,256.954559,1354600
2022-04-04,261.779999,262.029999,256.950012,258.309998,252.853073,1058400
2022-04-05,257.779999,266.600006,257.75,262.940002,257.385254,1085100
2022-04-06,261.940002,270.970001,261.149994,270.649994,264.932343,1593500
2022-04-07,269.649994,274.470001,268.829987,273.519989,267.74173,1003300
2022-04-08,274.070007,277.290009,274.01001,275.420013,269.601593,1397600
2022-04-11,275.609985,275.98999,268.559998,270.01001,264.305908,1073400
2022-04-12,269.320007,271.440002,267.019989,269.179993,263.493408,788100
2022-04-13,269.070007,271.440002,267.700012,270.940002,265.216278,664600
2022-04-14,272.220001,274.130005,270.140015,271.679993,265.940613,921700
2022-04-18,271.01001,272.170013,258.980011,260.100006,254.605255,1004700
2022-04-19,259.420013,263.880005,259.220001,263.48999,257.923615,983500
2022-04-20,264.309998,269.26001,263.670013,267.649994,261.995758,1426400
2022-04-21,271.0,271.369995,264.529999,264.890015,259.294098,1498000
2022-04-22,262.390015,262.660004,254.949997,255.039993,249.652145,1153100
2022-04-25,254.699997,259.179993,252.649994,258.459991,252.999893,924100
2022-04-26,257.899994,260.0,254.0,254.979996,249.59343,1320700
2022-04-27,255.619995,256.899994,252.289993,252.949997,247.606308,1392700
2022-04-28,254.210007,255.460007,250.360001,253.160004,247.81189,959700
2022-04-29,251.860001,252.910004,246.309998,247.190002,241.968002,1180000
2022-05-02,248.119995,250.789993,243.600006,245.580002,240.391998,997300
2022-05-03,246.759995,250.740005,246.220001,248.830002,243.573349,1058000
2022-05-04,248.009995,254.490005,246.320007,253.539993,248.183853,1308900
2022-05-05,251.009995,260.880005,248.830002,259.640015,254.154968,2461800
2022-05-06,256.0,259.359985,250.309998,257.970001,252.520248,2098900
2022-05-09,255.009995,255.550003,251.559998,252.199997,246.872147,1492100
2022-05-10,253.220001,256.179993,249.0,250.100006,244.816513,1818800
2022-05-11,249.070007,255.740005,248.630005,248.990005,243.72995,969100
2022-05-12,248.649994,250.259995,246.110001,249.720001,244.44455,1168000
2022-05-13,251.029999,251.309998,245.929993,248.440002,243.191574,1192100
2022-05-16,248.729996,254.419998,247.619995,252.889999,247.547577,1126300
2022-05-17,254.139999,256.269989,252.619995,256.26001,250.84639,1000600
2022-05-18,255.800003,256.429993,250.550003,251.100006,245.795395,899200
2022-05-19,249.580002,252.5,246.070007,251.139999,245.834534,1234600
2022-05-20,252.399994,253.470001,247.820007,252.300003,246.970062,910900
2022-05-23,255.830002,257.790009,253.309998,257.0,251.57074,858000
2022-05-24,256.910004,258.98999,255.490005,257.450012,252.011246,964400
2022-05-25,259.540009,259.540009,248.309998,252.160004,246.832993,1377800
2022-05-26,253.539993,255.529999,251.800003,252.5,247.165802,787000
2022-05-27,254.039993,256.459991,252.539993,256.459991,251.04216,704600
2022-05-31,253.419998,257.369995,250.929993,255.800003,250.396118,1401000
2022-06-01,259.049988,259.049988,248.190002,251.399994,246.08905,752000
2022-06-02,251.960007,253.949997,245.910004,253.679993,248.320862,667900
2022-06-03,253.149994,255.309998,251.979996,252.339996,247.009186,531000
2022-06-06,254.059998,259.130005,253.050003,258.720001,253.25441,1167000
2022-06-07,258.140015,260.0,254.75,257.920013,252.471313,954000
2022-06-08,256.899994,258.470001,254.679993,254.850006,250.310501,898000
2022-06-09,253.779999,254.660004,248.029999,248.369995,243.945908,721900
2022-06-10,245.919998,251.25,243.740005,249.330002,244.888809,1372700
2022-06-13,244.800003,247.610001,240.580002,241.850006,237.542053,1138200
2022-06-14,241.850006,242.139999,233.050003,236.320007,232.11058,1186900
2022-06-15,237.300003,238.970001,233.699997,236.789993,232.572174,912100
2022-06-16,234.009995,235.259995,231.460007,234.740005,230.558716,1707100
2022-06-17,235.520004,240.770004,234.75,235.330002,231.138199,2228500
2022-06-21,238.0,238.0,234.509995,236.529999,232.316833,1344900
2022-06-22,235.639999,239.130005,234.029999,237.270004,233.043655,1395900
2022-06-23,238.009995,242.759995,238.009995,242.539993,238.219757,721400
2022-06-24,246.570007,251.259995,243.229996,250.919998,246.4505,1555400
2022-06-27,250.690002,251.149994,247.410004,250.100006,245.645111,765700
2022-06-28,250.529999,251.699997,244.389999,244.529999,240.174316,873800
2022-06-29,244.580002,251.169998,243.660004,249.339996,244.898636,1144700
2022-06-30,248.0,249.660004,245.479996,246.529999,242.138702,1403100
2022-07-01,246.5,252.169998,244.320007,251.800003,247.314835,774900
2022-07-05,248.919998,250.490005,243.809998,247.929993,243.513763,777700
2022-07-06,247.759995,250.179993,245.550003,246.279999,241.893143,1063600
2022-07-07,245.800003,248.350006,245.550003,246.389999,242.00119,977800
2022-07-08,246.259995,249.559998,245.5,245.660004,241.284195,870100
2022-07-11,243.240005,245.0,242.660004,243.699997,239.3591,562800
2022-07-12,241.369995,242.690002,235.600006,236.919998,232.699875,969400
2022-07-13,235.0,236.850006,233.210007,235.460007,231.265884,695800
2022-07-14,232.199997,234.75,231.910004,234.160004,229.989044,685400
2022-07-15,236.809998,240.070007,235.619995,239.240005,234.978561,775200
2022-07-18,238.080002,239.110001,233.929993,234.309998,230.136353,818900
2022-07-19,236.669998,238.809998,235.630005,238.460007,234.212463,764000
2022-07-20,236.449997,237.710007,235.179993,237.190002,232.965073,1093200
2022-07-21,238.610001,242.110001,237.449997,241.080002,236.785767,991700
2022-07-22,241.899994,243.110001,240.330002,242.130005,237.817093,598000
2022-07-25,242.449997,243.669998,241.580002,242.630005,238.308167,634100
2022-07-26,244.449997,245.610001,241.949997,244.149994,239.801086,548900
2022-07-27,243.539993,245.880005,240.110001,244.339996,239.987701,617300
2022-07-28,244.039993,245.669998,239.800003,243.910004,239.565384,1004900
2022-07-29,243.610001,245.320007,242.020004,244.309998,239.958252,1097600
2022-08-01,243.130005,245.399994,243.130005,244.770004,240.410049,724200
2022-08-02,245.190002,246.75,242.639999,243.020004,238.691223,953500
2022-08-03,243.009995,246.410004,242.929993,244.929993,240.567184,899800
2022-08-04,245.460007,256.410004,245.460007,252.509995,248.012161,1807600
2022-08-05,251.449997,255.399994,248.300003,254.229996,249.701523,1040200
2022-08-08,254.580002,257.190002,253.259995,255.970001,251.410568,722200
2022-08-09,257.559998,261.899994,254.809998,255.300003,250.752487,1126900
2022-08-10,257.700012,259.040009,256.23999,258.559998,253.954422,727700
2022-08-11,258.950012,262.459991,258.700012,259.399994,254.779434,850300
2022-08-12,259.980011,263.970001,259.859985,263.690002,258.993011,830900
2022-08-15,263.079987,267.5,262.609985,266.809998,262.057434,774300
2022-08-16,266.059998,269.059998,264.880005,267.779999,263.010193,989000
2022-08-17,265.799988,267.399994,263.570007,264.230011,259.523438,637600
2022-08-18,264.579987,264.799988,261.380005,263.709991,259.012665,619300
2022-08-19,264.359985,265.730011,261.630005,264.529999,259.818085,709500
2022-08-22,263.970001,265.690002,259.890015,260.75,256.105377,761400
2022-08-23,259.350006,260.160004,256.48999,257.399994,252.815079,881000
2022-08-24,257.420013,260.779999,256.140015,258.350006,253.748138,880500
2022-08-25,259.579987,260.579987,258.079987,260.01001,255.378586,676300
2022-08-26,260.269989,260.630005,253.529999,253.729996,249.210449,727600
2022-08-29,252.119995,256.109985,251.509995,254.440002,249.907791,534100
2022-08-30,254.389999,254.880005,252.380005,253.169998,248.660416,696300
2022-08-31,253.860001,257.73999,252.330002,252.419998,247.923782,1186900
2022-09-01,251.910004,255.320007,251.149994,255.25,250.703384,967400
2022-09-02,256.519989,256.809998,251.800003,252.839996,248.336304,932200
2022-09-06,253.559998,253.570007,250.770004,252.070007,247.580032,862200
2022-09-07,253.039993,259.579987,252.809998,258.970001,254.357132,1339300
2022-09-08,257.5,260.700012,256.420013,260.5,256.72229,1303900
2022-09-09,260.0,263.920013,259.589996,262.850006,259.038239,945300
2022-09-12,263.230011,266.299988,262.640015,264.230011,260.398224,911000
2022-09-13,261.640015,262.869995,256.459991,256.779999,253.056244,1010300
2022-09-14,257.690002,262.0,256.709991,258.950012,255.194778,1091900
2022-09-15,258.950012,260.040009,256.399994,256.700012,252.977432,635100
2022-09-16,255.839996,256.140015,253.360001,254.320007,250.631943,1315800
2022-09-19,252.610001,252.610001,248.619995,251.259995,247.616302,1721800
2022-09-20,250.130005,250.339996,241.350006,244.110001,240.569977,1431600
2022-09-21,244.210007,246.179993,237.839996,238.009995,234.558441,1079100
2022-09-22,237.5,238.929993,235.779999,237.190002,233.750336,979800
2022-09-23,235.770004,237.330002,230.619995,233.919998,230.527756,1440100
2022-09-26,232.839996,234.440002,230.199997,231.639999,228.280823,1050600
2022-09-27,233.399994,234.820007,227.25,228.339996,225.028671,1103300
2022-09-28,229.179993,232.020004,227.679993,230.369995,227.029236,1184300
2022-09-29,229.630005,230.0,224.610001,226.119995,222.840866,1401500
2022-09-30,227.130005,228.630005,222.610001,222.830002,219.598602,1619800
2022-10-03,225.100006,231.960007,222.809998,230.779999,227.433289,1020900
2022-10-04,231.360001,237.220001,230.639999,236.970001,233.533524,1081100
2022-10-05,235.050003,238.300003,233.649994,236.830002,233.395569,828400
2022-10-06,235.360001,235.619995,228.179993,228.399994,225.087799,1196400
2022-10-07,226.929993,227.550003,221.639999,222.669998,219.440887,1436800
2022-10-10,224.399994,224.899994,219.600006,219.809998,216.622375,1099600
2022-10-11,220.080002,224.460007,217.679993,222.649994,219.421188,935200
2022-10-12,222.860001,224.259995,220.690002,220.789993,217.588165,746000
2022-10-13,217.229996,227.380005,215.899994,226.529999,223.244934,955000
2022-10-14,228.130005,229.740005,223.589996,224.699997,221.441452,892700
2022-10-17,226.360001,230.179993,225.389999,229.020004,225.698822,990600
2022-10-18,234.710007,236.119995,230.270004,230.630005,227.285477,1480300
2022-10-19,228.880005,229.820007,223.889999,225.470001,222.200287,1310900
2022-10-20,225.75,226.440002,222.220001,222.580002,219.352203,878900
2022-10-21,222.869995,224.399994,220.589996,223.600006,220.357422,1728800
2022-10-24,225.690002,227.259995,224.190002,225.210007,221.944061,1636300
2022-10-25,225.369995,226.440002,224.289993,225.699997,222.426956,1979200
2022-10-26,227.199997,233.610001,225.800003,232.880005,229.502869,1845800
2022-10-27,233.75,233.75,230.070007,231.169998,227.817627,901700
2022-10-28,232.190002,235.639999,232.190002,235.259995,231.848312,1253900
2022-10-31,234.649994,237.300003,234.339996,235.970001,232.548019,1313900
2022-11-01,236.960007,237.600006,232.889999,233.880005,230.488342,2185400
2022-11-02,233.809998,235.100006,227.960007,228.0,224.693619,2044500
2022-11-03,225.990005,226.130005,220.979996,221.0,217.79512,2297500
2022-11-04,224.070007,224.070007,218.179993,220.839996,217.637436,2382600
2022-11-07,220.839996,222.179993,219.039993,220.940002,217.736008,1932700
2022-11-08,220.860001,222.100006,217.800003,219.490005,216.307022,2899600
2022-11-09,220.020004,221.179993,217.699997,218.289993,215.12442,2091400
2022-11-10,221.410004,230.139999,219.809998,229.279999,225.955032,4010700
2022-11-11,230.419998,230.419998,224.449997,227.669998,224.368393,1792700
2022-11-14,228.800003,229.389999,224.139999,224.160004,220.909286,1929100
2022-11-15,226.229996,226.229996,221.119995,222.369995,219.145233,2027400
2022-11-16,223.75,225.220001,221.339996,222.080002,218.859467,1458700
2022-11-17,220.0,222.389999,218.820007,219.910004,216.720932,1204100
2022-11-18,220.539993,226.300003,219.789993,225.589996,222.318558,1405000
2022-11-21,225.610001,237.369995,225.610001,234.690002,231.286591,2435700
2022-11-22,234.050003,235.850006,231.330002,235.610001,232.193253,1401600
2022-11-23,235.179993,237.509995,234.850006,237.339996,233.898163,983800
2022-11-25,237.839996,238.789993,236.5,238.059998,234.607712,375000
2022-11-28,237.389999,239.350006,236.009995,237.339996,233.898163,1709800
2022-11-29,236.720001,241.119995,235.570007,241.020004,237.524796,1891000
2022-11-30,241.520004,249.679993,240.039993,249.339996,245.724136,2429100
2022-12-01,251.809998,254.300003,249.570007,250.830002,247.192535,1658200
2022-12-02,248.240005,252.589996,247.759995,252.380005,248.720062,1342800
2022-12-05,249.369995,250.479996,246.119995,246.210007,242.639542,1224200
2022-12-06,245.479996,246.990005,242.759995,244.389999,240.845917,908500
2022-12-07,245.25,247.240005,243.520004,246.479996,242.905624,1648600
2022-12-08,245.0,248.149994,244.619995,247.970001,245.279587,1224700
2022-12-09,247.240005,249.589996,246.229996,247.600006,244.913605,856000
2022-12-12,249.149994,254.919998,248.399994,254.059998,251.303497,1567400
2022-12-13,259.369995,259.440002,253.600006,254.050003,251.29361,2638900
2022-12-14,253.809998,255.479996,250.570007,254.039993,251.283707,1752900
2022-12-15,252.220001,254.0,249.429993,250.509995,247.792023,1149800
2022-12-16,248.559998,250.0,246.759995,249.509995,246.802841,2239700
2022-12-19,249.660004,250.809998,247.619995,248.460007,245.764267,1215800
2022-12-20,248.759995,251.220001,248.070007,249.240005,246.535812,1185200
2022-12-21,250.949997,254.490005,250.649994,253.360001,250.611099,820300
2022-12-22,252.75,253.850006,250.300003,253.589996,250.838593,816700
2022-12-23,253.509995,255.350006,252.339996,254.470001,251.709045,619400
2022-12-27,254.679993,255.589996,252.889999,255.300003,252.530029,558100
2022-12-28,256.339996,257.549988,253.020004,253.119995,250.373688,513000
2022-12-29,255.25,258.660004,252.940002,256.899994,254.112686,643900
2022-12-30,255.809998,256.640015,252.399994,254.300003,251.540894,639900
2023-01-03,262.660004,262.660004,253.720001,256.179993,253.400482,1002000
2023-01-04,258.0,258.519989,256.230011,258.089996,255.289764,1443200
2023-01-05,257.649994,258.380005,254.809998,255.309998,252.539932,1575200
2023-01-06,256.880005,259.519989,254.619995,259.339996,256.526215,1141200
2023-01-09,259.950012,259.950012,252.300003,252.449997,249.710953,1337600
2023-01-10,254.440002,256.459991,254.070007,255.369995,252.599289,1219100
2023-01-11,256.100006,256.75,253.630005,256.149994,253.370819,1413300
2023-01-12,256.600006,258.0,254.080002,254.600006,251.837646,693000
2023-01-13,253.770004,256.220001,253.199997,255.850006,253.074081,663800
2023-01-17,255.119995,257.269989,254.889999,256.0,253.222458,1439900
2023-01-18,255.789993,255.789993,253.149994,253.570007,250.818817,1090800
2023-01-19,252.649994,255.199997,251.910004,253.960007,251.20459,913500
2023-01-20,254.029999,254.029999,250.089996,253.809998,251.056198,902900
2023-01-23,253.639999,253.639999,249.199997,249.580002,246.872116,1193800
2023-01-24,250.479996,250.690002,245.529999,245.75,243.083664,894000
2023-01-25,244.460007,246.779999,242.720001,246.779999,244.102493,1228700
2023-01-26,247.210007,249.199997,245.289993,249.139999,246.436874,573100
2023-01-27,249.289993,253.380005,248.130005,251.820007,249.087814,1231400
2023-01-30,251.570007,252.970001,249.559998,250.130005,247.416138,1044300
2023-01-31,249.880005,252.440002,248.559998,252.220001,249.483459,1201500
2023-02-01,251.990005,255.029999,250.929993,254.169998,251.412292,1096400
2023-02-02,239.169998,257.690002,236.110001,248.470001,245.774139,3034000
2023-02-03,248.600006,250.369995,244.039993,245.839996,243.172684,2117900
2023-02-06,246.059998,250.729996,246.059998,250.160004,247.445831,1549900
2023-02-07,248.520004,254.130005,248.220001,253.190002,250.442947,1541900
2023-02-08,252.380005,253.110001,249.289993,250.229996,247.515045,1069800
2023-02-09,249.419998,250.190002,244.470001,245.229996,242.569305,917500
2023-02-10,245.679993,247.990005,244.279999,247.830002,245.141098,1155100
2023-02-13,247.75,248.910004,245.649994,247.25,244.567383,1080000
2023-02-14,247.610001,247.610001,241.699997,243.410004,240.769058,1826800
2023-02-15,242.660004,243.820007,241.550003,243.550003,240.907516,697000
2023-02-16,241.110001,244.25,240.169998,241.940002,239.315002,845500
2023-02-17,241.899994,245.100006,240.970001,244.520004,241.86702,1314200
2023-02-21,242.580002,242.580002,239.360001,239.5,236.901474,1179100
2023-02-22,239.550003,241.960007,239.339996,240.399994,237.791702,1101800
2023-02-23,239.410004,241.460007,238.600006,239.720001,237.11908,752900
2023-02-24,237.039993,238.320007,235.199997,237.919998,235.338623,832200
2023-02-27,239.380005,239.910004,236.289993,236.889999,234.319778,593800
2023-02-28,236.449997,238.119995,234.169998,234.550003,232.005188,1538200
2023-03-01,232.479996,233.5,230.600006,232.160004,229.641113,872600
2023-03-02,230.779999,234.25,230.350006,233.960007,231.421585,977300
2023-03-03,235.380005,237.309998,234.669998,237.220001,234.64621,766800
2023-03-06,236.639999,238.0,236.070007,236.220001,233.657059,786100
2023-03-07,237.190002,238.229996,234.919998,236.130005,233.568054,1229800
2023-03-08,235.649994,236.789993,234.740005,235.229996,232.677795,832200
2023-03-09,235.470001,236.210007,231.520004,232.229996,230.602448,1038700
2023-03-10,232.0,232.869995,228.970001,229.710007,228.100113,1009300
2023-03-13,228.990005,233.770004,228.619995,231.389999,229.768341,794100
2023-03-14,233.929993,234.449997,230.270004,232.889999,231.257828,928700
2023-03-15,230.539993,234.639999,229.369995,234.479996,232.83667,1231300
2023-03-16,233.25,238.419998,232.350006,238.0,236.332016,1226000
2023-03-17,239.009995,239.009995,234.490005,235.580002,233.92897,1542800
2023-03-20,235.869995,239.429993,235.789993,238.490005,236.818588,951500
2023-03-21,239.539993,240.779999,237.850006,240.25,238.566254,1096300
2023-03-22,240.919998,244.039993,238.919998,238.919998,237.24556,1176700
2023-03-23,238.649994,239.850006,235.270004,236.380005,234.723373,934400
2023-03-24,236.830002,240.770004,236.039993,240.5,238.814499,910600
2023-03-27,242.929993,243.770004,241.940002,242.179993,240.482712,880700
2023-03-28,241.710007,243.369995,240.75,241.229996,239.539383,563100
2023-03-29,241.490005,243.850006,241.490005,242.929993,241.227448,757800
2023-03-30,244.050003,245.199997,243.289993,245.169998,243.451752,684400
2023-03-31,246.490005,247.639999,244.25,247.539993,245.805145,1107500
2023-04-03,246.570007,248.470001,244.720001,246.949997,245.219284,1027300
2023-04-04,247.839996,250.479996,247.839996,248.25,246.510178,1000500
2023-04-05,249.410004,252.880005,248.600006,251.669998,249.906204,853900
2023-04-06,252.619995,255.160004,251.979996,254.690002,252.905045,1369800
2023-04-10,253.460007,255.550003,252.220001,253.529999,251.753174,814000
2023-04-11,254.029999,255.520004,252.919998,252.979996,251.207016,909200
2023-04-12,255.679993,256.320007,253.520004,253.850006,252.070938,1199800
2023-04-13,254.220001,256.350006,253.770004,256.299988,254.503754,776200
2023-04-14,256.450012,257.380005,254.839996,255.5,253.709366,746800
2023-04-17,255.949997,256.670013,254.880005,256.279999,254.483902,741900
2023-04-18,256.76001,256.76001,253.470001,253.589996,251.812744,836300
2023-04-19,254.580002,259.040009,254.429993,258.850006,257.035889,1379900
2023-04-20,258.459991,262.619995,257.23999,261.910004,260.074432,1552500
2023-04-21,263.299988,264.440002,261.040009,261.209991,259.379333,948200
2023-04-24,262.160004,264.019989,260.01001,262.019989,260.183685,1046500
2023-04-25,261.769989,262.700012,259.76001,260.929993,259.101318,765000
2023-04-26,258.309998,259.279999,256.679993,258.51001,256.698273,945100
2023-04-27,258.660004,263.859985,258.059998,263.299988,261.454712,1134800
2023-04-28,262.940002,265.070007,261.950012,264.309998,262.457642,1414200
2023-05-01,263.950012,266.130005,263.950012,265.320007,263.460571,1094700
2023-05-02,264.429993,265.0,262.429993,263.790009,261.941284,1209000
2023-05-03,265.040009,266.700012,262.75,263.609985,261.762512,1262900
2023-05-04,260.0,260.0,251.820007,252.460007,250.690689,2405700
2023-05-05,254.369995,256.709991,252.470001,253.660004,251.882263,1467500
2023-05-08,251.669998,253.389999,250.770004,251.5,249.737396,1497100
2023-05-09,250.690002,250.770004,248.029999,249.649994,247.90036,1096900
2023-05-10,251.179993,251.429993,247.960007,251.050003,249.290558,805900
2023-05-11,250.470001,251.619995,249.429993,251.399994,249.638092,983400
2023-05-12,251.669998,252.740005,250.410004,252.509995,250.740326,862200
2023-05-15,252.949997,252.990005,249.360001,251.080002,249.320343,939100
2023-05-16,250.339996,251.639999,249.539993,250.369995,248.615311,698500
2023-05-17,251.399994,251.619995,248.479996,251.279999,249.518951,1079200
2023-05-18,250.869995,252.059998,249.490005,251.570007,249.806915,1394600
2023-05-19,251.910004,253.399994,251.080002,251.880005,250.114731,1237000
2023-05-22,251.509995,253.899994,250.710007,251.039993,249.280609,958300
2023-05-23,250.199997,251.149994,245.600006,246.479996,244.752579,1048000
2023-05-24,246.300003,246.300003,243.759995,245.25,243.531204,965200
2023-05-25,243.600006,244.800003,239.820007,241.770004,240.075607,1422500
2023-05-26,241.580002,243.320007,240.639999,241.119995,239.430145,840300
2023-05-30,241.229996,242.679993,238.25,238.389999,236.719284,1039500
2023-05-31,238.5,242.259995,237.619995,241.759995,240.065659,2214400
2023-06-01,243.729996,248.559998,243.080002,248.110001,246.37117,2030100
2023-06-02,249.490005,253.5,249.300003,251.789993,250.025375,1738800
2023-06-05,252.119995,255.360001,252.119995,253.990005,252.209961,1327200
2023-06-06,255.039993,255.820007,248.080002,250.460007,248.704697,1483500
2023-06-07,250.110001,252.940002,249.210007,252.229996,250.46228,1249100
2023-06-08,250.289993,251.320007,248.169998,249.5,248.648499,1231300
2023-06-09,250.759995,252.710007,249.399994,251.5,250.641663,1326900
2023-06-12,251.419998,251.449997,249.119995,250.710007,249.85437,1220600
2023-06-13,249.789993,252.169998,249.210007,251.5,250.641663,635400
2023-06-14,255.509995,257.630005,252.710007,253.330002,252.465424,1148000
2023-06-15,253.759995,256.779999,252.559998,256.160004,255.285767,695600
2023-06-16,257.380005,259.880005,256.630005,258.630005,257.747345,1483500
2023-06-20,257.059998,259.51001,255.080002,256.470001,255.594711,933900
2023-06-21,256.279999,257.929993,254.529999,257.309998,256.431854,766800
2023-06-22,258.359985,259.119995,257.100006,258.070007,257.18927,714900
2023-06-23,258.0,259.75,256.290009,256.549988,255.674423,816900
2023-06-26,256.549988,257.059998,252.639999,256.48999,255.614624,653900
2023-06-27,256.480011,258.730011,254.020004,258.25,257.368622,910600
2023-06-28,258.0,259.369995,257.309998,259.019989,258.135986,1158900
2023-06-29,258.029999,260.609985,257.279999,260.519989,259.63089,1139900
2023-06-30,262.190002,265.089996,262.029999,264.01001,263.108978,1372100
2023-07-03,261.799988,263.230011,259.410004,261.920013,261.026123,602500
2023-07-05,259.350006,260.540009,258.350006,260.299988,259.411621,1155100
2023-07-06,259.190002,260.519989,258.109985,258.869995,257.986511,745300
2023-07-07,257.019989,258.640015,256.179993,256.920013,256.043182,920600
2023-07-10,257.440002,259.670013,256.570007,257.559998,256.681,800000
2023-07-11,257.209991,259.380005,256.339996,259.329987,258.444946,704800
2023-07-12,261.049988,261.410004,257.959991,258.660004,257.777252,774600
2023-07-13,257.839996,260.980011,257.640015,259.950012,259.062836,1172000
2023-07-14,260.209991,261.130005,258.209991,259.390015,258.504761,906100
2023-07-17,258.779999,259.320007,256.160004,256.640015,255.764145,708000
2023-07-18,255.860001,256.790009,253.520004,256.320007,255.445221,761800
2023-07-19,255.110001,257.880005,254.460007,254.899994,254.03006,1439600
2023-07-20,256.309998,263.480011,255.970001,263.410004,262.511017,1447100
2023-07-21,264.480011,266.079987,262.940002,264.839996,263.936127,1148100
2023-07-24,282.200012,287.320007,278.839996,279.970001,279.014496,3866600
2023-07-25,277.410004,283.820007,274.940002,283.309998,282.343109,1666700
2023-07-26,282.970001,285.01001,282.0,282.799988,281.834839,1855000
2023-07-27,283.940002,286.459991,283.119995,283.589996,282.622162,1947000
2023-07-28,285.100006,285.48999,280.109985,280.320007,279.363312,1641500
2023-07-31,280.470001,280.470001,276.640015,278.619995,277.669098,1625500
2023-08-01,276.290009,278.649994,275.109985,278.540009,277.589386,1133100
2023-08-02,277.670013,278.910004,275.269989,276.23999,275.297241,1396400
2023-08-03,275.339996,277.26001,265.709991,268.700012,267.78299,2143100
2023-08-04,268.25,274.709991,267.149994,270.790009,269.865845,1521600
2023-08-07,271.399994,277.190002,271.049988,275.220001,274.280731,1477000
2023-08-08,276.269989,282.5,274.329987,281.100006,280.140656,2522900
2023-08-09,279.059998,284.480011,279.059998,281.529999,280.569183,2048600
2023-08-10,282.0,283.190002,277.070007,277.230011,276.283875,1282100
2023-08-11,277.410004,282.529999,276.109985,282.309998,281.346527,1325400
2023-08-14,282.059998,283.779999,280.480011,282.649994,281.685364,1077800
2023-08-15,282.019989,282.899994,279.529999,279.660004,278.705566,811900
2023-08-16,278.290009,279.079987,276.290009,276.75,275.805481,814700
2023-08-17,277.130005,277.130005,274.799988,275.540009,274.59964,924800
2023-08-18,274.609985,275.850006,272.589996,273.690002,272.755951,974400
2023-08-21,273.450012,276.25,272.450012,275.619995,274.679352,1070300
2023-08-22,275.920013,277.320007,272.579987,275.700012,274.759094,1032800
2023-08-23,277.179993,277.48999,275.329987,277.079987,276.134369,868700
2023-08-24,277.190002,279.679993,276.959991,277.0,276.054657,859600
2023-08-25,277.779999,281.850006,277.149994,280.01001,279.054382,1343000
2023-08-28,281.309998,282.619995,280.559998,281.549988,280.589111,838500
2023-08-29,282.119995,282.410004,280.359985,281.470001,280.509399,878200
2023-08-30,282.200012,283.5,279.589996,280.299988,279.343353,931900
2023-08-31,280.799988,281.859985,278.609985,279.450012,278.496307,1103300
2023-09-01,281.0,281.0,277.660004,278.459991,277.509644,834500
2023-09-05,278.450012,278.450012,272.359985,272.880005,271.9487,1211200
2023-09-06,271.880005,272.140015,261.100006,266.640015,265.730011,2460500
2023-09-07,266.980011,269.440002,265.899994,267.059998,267.059998,1045300
2023-09-08,266.529999,267.519989,263.209991,266.76001,266.76001,1182900
2023-09-11,267.230011,268.630005,263.98999,267.179993,267.179993,1205500
2023-09-12,266.98999,267.320007,262.73999,263.700012,263.700012,1111700
2023-09-13,263.350006,265.329987,262.709991,265.01001,265.01001,987000
2023-09-14,266.350006,267.0,263.48999,264.619995,264.619995,1215400
2023-09-15,262.23999,265.679993,261.730011,263.73999,263.73999,3001600
2023-09-18,264.23999,266.5,262.220001,264.570007,264.570007,818400
2023-09-19,264.209991,266.850006,263.679993,265.959991,265.959991,867200
2023-09-20,267.5,268.970001,266.839996,267.130005,267.130005,1256500
2023-09-21,266.73999,267.820007,264.76001,265.040009,265.040009,989000
2023-09-22,264.459991,266.820007,264.029999,265.200012,265.200012,633300
2023-09-25,265.0,266.859985,263.559998,266.769989,266.769989,961800
2023-09-26,264.339996,266.299988,260.769989,260.940002,260.940002,953800
2023-09-27,262.459991,263.0,255.880005,258.799988,258.799988,1188600
2023-09-28,259.619995,264.040009,259.619995,262.73999,262.73999,1008000
2023-09-29,263.359985,263.98999,257.890015,258.529999,258.529999,1244000
2023-10-02,256.369995,258.01001,255.149994,257.76001,257.76001,749200
2023-10-03,257.100006,259.869995,256.540009,258.899994,258.899994,1004900
2023-10-04,259.589996,260.0,256.119995,259.720001,259.720001,670400
2023-10-05,259.829987,261.589996,258.869995,261.049988,261.049988,821500
2023-10-06,260.200012,264.049988,258.040009,262.420013,262.420013,798700
2023-10-09,261.339996,265.899994,261.269989,265.799988,265.799988,690100
2023-10-10,265.040009,269.519989,263.829987,267.230011,267.230011,987500
2023-10-11,266.290009,266.290009,258.130005,261.299988,261.299988,1693500
